Lap 1
10 0.27
20 0.37
30 0.25
40 0.26
50 0.18
60 0.12
70 0.26
80 0.26
90 0.11
100 1.41
110 0.35
120 0.31
130 0.02
140 0.64
150 9.70
160 0.41
170 7.61
180 0.36
190 6.18
200 0.28
210 5.31
220 0.15
230 4.27
240 0.17
250 1.69
260 0.78
270 4.11
280 1.96
290 13.68
300 3.04
310 3.71
320 8.39
330 2.47
340 20.70
350 17.30
360 5.96
370 6.17
380 27.45
390 7.13
400 7.35
410 15.54
420 16.32
430 8.30
440 8.52
450 17.87
460 18.68
470 19.43
480 9.87
490 99.88
500 24.12
510 12.21
520 38.37
530 26.47
540 13.38
550 13.58
560 28.02
570 14.16
580 14.36
590 14.55
600 14.76
610 45.98
620 15.53
630 15.73
640 15.91
650 32.71
660 85.61
670 53.59
680 18.06
690 18.27
700 134.99
710 81.29
720 20.61
730 20.80
740 21.00
750 21.20
760 43.25
770 66.47
780 22.36
790 22.56
800 69.40
810 23.34
820 23.53
830 23.72
840 23.92
850 24.12
860 49.10
870 24.70
880 50.27
890 103.17
900 52.61
910 26.46
920 26.65
930 26.84
940 54.56
950 27.43
960 55.73
970 28.02
980 28.23
990 28.41
1000 57.69
1010 28.99
1020 29.18
1030 59.25
1040 90.46
1050 123.45
1060 62.75
1070 63.53
1080 31.92
1090 32.10
1100 32.31
1110 65.49
1120 32.89
1130 66.66
1140 67.44
1150 33.86
1160 34.06
1170 69.01
1180 34.64
1190 70.17
1200 35.23
1210 71.34
1220 35.81
1230 36.01
1240 72.90
1250 110.96
1260 74.84
1270 75.63
1280 37.96
1290 115.64
1300 157.01
1310 79.53
1320 243.87
1330 82.64
1340 167.94
1350 42.24
1360 42.45
1370 42.65
1380 42.84
1390 43.04
1400 43.23
1410 43.43
1420 43.62
1430 43.82
1440 44.01
1450 88.91
1460 44.59
1470 90.08
1480 45.18
1490 276.64
1500 140.80
1510 47.14
1520 47.33
1530 47.53
1540 47.72
1550 47.92
1560 194.48
1570 48.89
1580 148.43
1590 49.67
1600 150.76
1610 50.44
1620 101.78
1630 51.03
1640 51.23
1650 103.34
1660 51.81
1670 52.02
1680 104.90
1690 52.59
1700 106.07
1710 53.18
1720 53.37
1730 107.64
1740 53.95
1750 108.81
1760 54.54
1770 165.40
1780 111.14
1790 111.92
1800 112.70
1810 343.38
1820 57.66
1830 57.87
1840 234.29
1850 58.83
1860 178.28
1870 119.71
1880 120.51
1890 60.39
1900 121.68
1910 60.98
1920 309.02
1930 62.16
1940 125.20
1950 125.97
1960 126.75
1970 63.54
1980 127.92
1990 323.66
2000 65.07
2010 197.02
2020 132.22
2030 66.25
2040 200.53
2050 134.56
2060 67.42
2070 67.63
2080 273.31
2090 68.60
2100 68.79
2110 138.46
2120 209.30
2130 211.06
2140 70.55
2150 70.74
2160 70.94
2170 71.14
2180 143.14
2190 71.72
2200 71.91
2210 290.49
2220 146.26
2230 147.04
2240 446.43
2250 74.84
2260 302.20
2270 228.62
2280 230.37
2290 310.00
2300 77.77
2310 77.97
2320 78.16
2330 78.36
2340 157.59
2350 158.36
2360 79.33
2370 239.75
2380 241.50
2390 243.26
2400 81.27
2410 81.49
2420 81.67
2430 246.78
2440 331.85
2450 166.95
2460 83.61
2470 252.63
2480 510.80
2490 85.57
2500 85.77
2510 695.23
2520 87.51
2530 87.73
2540 87.92
2550 265.51
2560 88.69
2570 88.89
2580 89.08
2590 179.05
2600 360.73
2610 90.45
2620 90.65
2630 182.17
2640 91.22
2650 91.43
2660 276.04
2670 277.79
2680 279.54
2690 93.37
2700 565.83
2710 189.97
2720 190.75
2730 287.74
2740 192.70
2750 193.49
2760 96.88
2770 97.08
2780 293.02
2790 97.86
2800 98.06
2810 98.26
2820 98.45
2830 98.64
2840 198.17
2850 99.23
2860 99.42
2870 99.62
2880 200.12
2890 100.20
2900 201.29
2910 100.78
2920 202.46
2930 101.37
2940 305.89
2950 204.79
2960 205.58
2970 102.94
2980 206.74
2990 103.51
3000 207.92
3010 418.47
3020 210.26
3030 211.04
3040 105.67
3050 105.86
3060 319.35
3070 213.77
3080 107.03
3090 322.87
3100 107.80
3110 108.02
3120 108.21
3130 108.39
3140 108.60
3150 108.79
3160 218.45
3170 109.37
3180 329.89
3190 331.64
3200 221.96
3210 111.13
3220 111.32
3230 111.52
3240 336.33
3250 225.09
3260 339.25
3270 341.01
3280 113.86
3290 114.05
3300 343.95
3310 230.16
3320 230.95
3330 231.72
3340 116.00
3350 116.22
3360 116.40
3370 116.59
3380 116.79
3390 116.98
3400 234.85
3410 117.56
3420 117.76
3430 355.07
3440 476.25
3450 359.15
3460 119.91
3470 120.11
3480 241.09
3490 241.87
3500 486.40
3510 121.87
3520 122.05
3530 122.26
3540 491.85
3550 123.23
3560 123.42
3570 372.04
3580 624.17
3590 250.86
3600 125.57
3610 252.03
3620 1016.79
3630 127.71
3640 256.31
3650 128.30
3660 128.50
3670 128.69
3680 128.89
3690 648.56
3700 130.06
3710 130.25
3720 261.39
3730 262.17
3740 131.22
3750 131.43
3760 396.03
3770 132.21
3780 132.40
3790 265.68
3800 266.45
3810 401.31
3820 133.96
3830 538.69
3840 405.98
3850 271.54
3860 135.91
3870 409.50
3880 273.88
3890 688.56
3900 138.05
3910 138.25
3920 416.53
3930 139.03
3940 139.24
3950 139.42
3960 420.04
3970 140.21
3980 140.40
3990 140.60
4000 140.79
4010 140.98
4020 141.19
4030 425.31
4040 284.41
4050 142.36
4060 142.55
4070 285.98
4080 143.13
4090 575.39
4100 578.50
4110 144.89
4120 145.07
4130 145.29
4140 145.47
4150 291.83
4160 439.36
4170 588.65
4180 295.35
4190 444.63
4200 148.40
4210 297.69
4220 298.46
4230 149.38
4240 149.57
4250 450.49
4260 603.47
4270 151.13
4280 151.34
4290 151.52
4300 608.93
4310 152.50
4320 612.85
4330 153.47
4340 153.68
4350 153.86
4360 154.06
4370 463.95
4380 154.84
4390 466.29
4400 624.55
4410 313.29
4420 471.56
4430 473.32
4440 157.96
4450 634.68
4460 318.37
4470 479.19
4480 159.91
4490 160.10
4500 482.10
4510 322.28
4520 323.05
4530 161.68
4540 324.22
4550 325.00
4560 162.65
4570 326.18
4580 326.96
4590 492.05
4600 164.21
4610 164.41
4620 164.59
4630 164.79
4640 330.46
4650 497.32
4660 165.96
4670 332.81
4680 500.83
4690 167.14
4700 167.33
4710 167.52
4720 335.93
4730 505.51
4740 337.88
4750 338.67
4760 339.44
4770 169.87
4780 170.06
4790 170.26
4800 170.44
4810 341.79
4820 514.29
4830 343.73
4840 517.22
4850 172.59
4860 519.56
4870 173.37
4880 173.57
4890 522.50
4900 174.35
4910 174.55
4920 174.75
4930 174.94
4940 175.13
4950 351.15
4960 175.72
4970 352.32
4980 353.10
4990 176.69
5000 176.88

Lap 2
10 1.02
20 0.26
30 0.33
40 0.26
50 0.18
60 0.16
70 0.18
80 0.13
90 0.36
100 3.08
110 0.51
120 0.42
130 0.21
140 0.02
150 0.42
160 0.35
170 8.16
180 0.29
190 7.64
200 0.34
210 7.03
220 0.18
230 5.58
240 0.16
250 0.59
260 0.78
270 2.55
280 3.71
290 2.34
300 2.73
310 6.44
320 3.71
330 4.11
340 4.49
350 4.88
360 5.27
370 24.15
380 6.16
390 13.20
400 21.40
410 7.34
420 15.54
430 7.92
440 8.12
450 8.32
460 8.51
470 17.89
480 38.38
490 20.21
500 21.00
510 10.66
520 22.17
530 11.24
540 35.45
550 12.02
560 12.21
570 25.29
580 39.54
590 13.38
600 27.63
610 13.97
620 14.17
630 14.36
640 60.23
650 31.14
660 31.93
670 16.12
680 33.10
690 16.70
700 16.89
710 17.10
720 71.16
730 18.07
740 18.26
750 75.85
760 19.24
770 19.43
780 19.63
790 19.83
800 20.01
810 61.79
820 20.80
830 21.00
840 42.88
850 21.58
860 21.77
870 44.41
880 22.36
890 22.56
900 22.75
910 46.37
920 47.15
930 23.73
940 48.32
950 49.10
960 24.70
970 24.90
980 102.38
990 25.87
1000 26.06
1010 53.00
1020 53.81
1030 82.27
1040 55.73
1050 28.01
1060 28.21
1070 28.41
1080 28.59
1090 147.07
1100 29.76
1110 60.41
1120 30.35
1130 61.58
1140 30.94
1150 94.56
1160 31.72
1170 195.86
1180 33.08
1190 135.16
1200 208.74
1210 70.94
1220 35.62
1230 35.82
1240 36.01
1250 36.21
1260 36.40
1270 73.68
1280 36.98
1290 74.85
1300 113.89
1310 38.15
1320 38.35
1330 38.55
1340 38.74
1350 38.94
1360 39.13
1370 39.34
1380 39.52
1390 39.72
1400 80.31
1410 163.26
1420 124.41
1430 83.83
1440 84.60
1450 215.37
1460 43.41
1470 87.73
1480 44.01
1490 44.22
1500 89.28
1510 44.79
1520 182.00
1530 45.76
1540 45.97
1550 92.80
1560 140.81
1570 142.56
1580 95.92
1590 48.11
1600 97.09
1610 97.88
1620 49.09
1630 49.28
1640 99.44
1650 201.50
1660 50.66
1670 205.41
1680 51.61
1690 104.11
1700 52.20
1710 52.41
1720 52.60
1730 52.79
1740 52.99
1750 53.18
1760 53.39
1770 216.34
1780 109.18
1790 109.97
1800 55.12
1810 55.32
1820 55.53
1830 55.72
1840 112.31
1850 227.26
1860 114.66
1870 408.16
1880 58.84
1890 59.04
1900 299.27
1910 120.90
1920 60.60
1930 245.22
1940 123.62
1950 187.06
1960 62.54
1970 62.74
1980 62.94
1990 126.76
2000 63.52
2010 127.92
2020 64.10
2030 64.31
2040 64.50
2050 195.26
2060 65.27
2070 131.44
2080 65.86
2090 66.06
2100 133.01
2110 66.65
2120 66.85
2130 67.04
2140 67.23
2150 67.43
2160 135.74
2170 68.00
2180 68.22
2190 206.38
2200 68.98
2210 278.79
2220 69.95
2230 140.81
2240 862.68
2250 72.88
2260 73.09
2270 73.29
2280 73.48
2290 147.84
2300 298.28
2310 225.69
2320 75.42
2330 151.74
2340 76.01
2350 152.91
2360 76.59
2370 76.79
2380 466.31
2390 156.81
2400 157.58
2410 78.94
2420 79.13
2430 79.33
2440 79.53
2450 159.93
2460 80.11
2470 161.10
2480 80.69
2490 243.85
2500 245.59
2510 747.92
2520 252.61
2530 84.40
2540 254.97
2550 342.78
2560 172.40
2570 260.24
2580 261.98
2590 175.53
2600 87.91
2610 88.11
2620 177.10
2630 536.56
2640 89.86
2650 180.62
2660 90.44
2670 90.64
2680 273.70
2690 367.75
2700 92.20
2710 185.29
2720 279.54
2730 93.37
2740 93.57
2750 93.77
2760 188.42
2770 379.46
2780 575.19
2790 290.09
2800 96.88
2810 194.66
2820 97.47
2830 97.66
2840 97.87
2850 196.61
2860 98.44
2870 197.78
2880 198.55
2890 99.42
2900 199.74
2910 100.00
2920 100.21
2930 708.66
2940 204.01
2950 204.81
2960 205.59
2970 102.93
2980 518.78
2990 104.11
3000 314.08
3010 210.27
3020 211.03
3030 105.67
3040 105.86
3050 319.35
3060 321.09
3070 107.23
3080 323.46
3090 325.20
3100 108.59
3110 108.78
3120 218.46
3130 109.36
3140 109.57
3150 109.77
3160 109.96
3170 665.34
3180 111.32
3190 111.52
3200 111.70
3210 336.92
3220 452.05
3230 113.28
3240 113.48
3250 456.72
3260 114.45
3270 114.64
3280 345.70
3290 115.42
3300 115.62
3310 115.82
3320 232.51
3330 116.39
3340 233.68
3350 116.98
3360 117.18
3370 235.24
3380 117.76
3390 236.41
3400 237.19
3410 118.73
3420 118.94
3430 119.13
3440 119.33
3450 119.52
3460 239.93
3470 120.10
3480 604.65
3490 121.28
3500 979.33
3510 370.28
3520 247.72
3530 124.00
3540 373.80
3550 250.08
3560 125.18
3570 377.31
3580 125.96
3590 126.15
3600 126.35
3610 380.83
3620 127.13
3630 127.32
3640 127.52
3650 384.33
3660 128.30
3670 128.50
3680 128.69
3690 128.88
3700 258.66
3710 129.47
3720 129.66
3730 129.86
3740 522.30
3750 130.84
3760 131.03
3770 262.95
3780 131.62
3790 131.81
3800 530.10
3810 132.79
3820 132.98
3830 133.18
3840 267.24
3850 402.48
3860 404.24
3870 270.37
3880 271.14
3890 408.34
3900 136.30
3910 136.50
3920 136.72
3930 549.62
3940 275.83
3950 138.05
3960 138.26
3970 138.45
3980 138.64
3990 278.17
4000 139.22
4010 139.43
4020 139.62
4030 280.12
4040 140.22
4050 140.40
4060 140.60
4070 423.56
4080 141.38
4090 425.89
4100 142.16
4110 285.20
4120 285.97
4130 143.14
4140 143.32
4150 431.75
4160 144.10
4170 289.10
4180 144.70
4190 144.89
4200 290.67
4210 437.61
4220 146.05
4230 146.26
4240 440.53
4250 147.04
4260 147.23
4270 1037.86
4280 298.07
4290 298.86
4300 299.63
4310 300.42
4320 150.35
4330 604.26
4340 303.15
4350 303.93
4360 304.71
4370 458.67
4380 460.44
4390 153.67
4400 153.87
4410 154.06
4420 463.95
4430 310.18
4440 155.23
4450 155.43
4460 311.74
4470 156.02
4480 156.20
4490 156.41
4500 156.59
4510 314.07
4520 314.86
4530 315.64
4540 157.95
4550 475.66
4560 796.87
4570 319.92
4580 160.11
4590 160.31
4600 160.50
4610 160.70
4620 1132.11
4630 162.25
4640 325.39
4650 326.18
4660 163.22
4670 327.35
4680 163.81
4690 164.01
4700 493.80
4710 164.81
4720 164.98
4730 165.18
4740 165.38
4750 165.56
4760 332.04
4770 332.81
4780 166.55
4790 166.75
4800 334.37
4810 671.40
4820 336.71
4830 168.50
4840 168.70
4850 168.90
4860 169.08
4870 339.06
4880 339.84
4890 170.07
4900 511.95
4910 170.83
4920 171.04
4930 171.24
4940 1032.98
4950 518.97
4960 173.18
4970 695.59
4980 174.16
4990 174.34
5000 349.59

Lap 3
10 1.57
20 0.44
30 0.22
40 0.20
50 0.20
60 0.15
70 0.17
80 0.13
90 0.36
100 3.45
110 0.32
120 0.41
130 0.23
140 0.32
150 0.40
160 0.30
170 0.31
180 0.44
190 7.53
200 0.26
210 6.60
220 0.29
230 5.69
240 0.17
250 0.20
260 0.59
270 0.98
280 2.93
290 1.95
300 2.34
310 8.79
320 8.93
330 2.42
340 8.79
350 7.95
360 2.61
370 16.99
380 18.47
390 13.19
400 6.75
410 6.95
420 14.76
430 7.53
440 32.91
450 17.49
460 18.26
470 9.29
480 9.48
490 51.46
500 10.65
510 22.16
520 34.86
530 11.82
540 50.09
550 109.82
560 14.35
570 14.56
580 29.98
590 15.14
600 15.33
610 15.54
620 15.72
630 117.23
640 17.29
650 17.48
660 35.83
670 18.06
680 37.01
690 37.78
700 19.05
710 19.24
720 39.35
730 81.30
740 84.43
750 43.24
760 44.03
770 22.17
780 22.35
790 68.82
800 23.14
810 23.34
820 23.53
830 23.73
840 48.31
850 124.64
860 25.28
870 51.45
880 52.22
890 26.26
900 26.46
910 26.65
920 26.85
930 27.04
940 27.25
950 55.34
960 27.82
970 56.52
980 28.41
990 28.60
1000 28.81
1010 58.46
1020 119.54
1030 30.15
1040 30.36
1050 30.54
1060 30.75
1070 93.98
1080 95.73
1090 97.49
1100 32.69
1110 32.90
1120 33.09
1130 67.05
1140 33.67
1150 137.50
1160 69.77
1170 35.03
1180 106.86
1190 35.81
1200 72.51
1210 36.40
1220 73.68
1230 74.46
1240 75.24
1250 37.76
1260 76.41
1270 38.35
1280 116.82
1290 39.13
1300 39.33
1310 79.53
1320 39.92
1330 40.11
1340 81.09
1350 40.71
1360 40.89
1370 41.08
1380 83.06
1390 126.18
1400 84.99
1410 42.64
1420 173.40
1430 43.62
1440 43.82
1450 44.01
1460 269.63
1470 45.37
1480 45.57
1490 45.78
1500 280.16
1510 94.75
1520 95.54
1530 47.91
1540 96.71
1550 48.50
1560 147.26
1570 49.27
1580 199.95
1590 50.25
1600 101.38
1610 102.17
1620 102.94
1630 51.62
1640 209.32
1650 105.67
1660 52.99
1670 53.18
1680 107.24
1690 108.01
1700 609.39
1710 56.29
1720 56.50
1730 56.70
1740 56.89
1750 57.08
1760 173.02
1770 116.21
1780 58.25
1790 58.45
1800 416.37
1810 60.01
1820 120.91
1830 743.24
1840 62.93
1850 63.13
1860 191.16
1870 128.31
1880 194.08
1890 64.89
1900 65.08
1910 596.89
1920 338.30
1930 68.00
1940 68.24
1950 68.40
1960 137.69
1970 208.13
1980 280.33
1990 141.20
2000 70.73
2010 70.94
2020 142.75
2030 215.77
2040 72.10
2050 72.32
2060 72.50
2070 145.89
2080 73.07
2090 73.29
2100 73.48
2110 73.67
2120 73.87
2130 223.36
2140 225.11
2150 150.95
2160 151.73
2170 76.01
2180 229.80
2190 231.55
2200 77.37
2210 233.90
2220 235.65
2230 78.74
2240 237.99
2250 79.52
2260 79.73
2270 160.31
2280 161.09
2290 80.69
2300 325.61
2310 246.18
2320 331.08
2330 83.03
2340 83.24
2350 83.43
2360 167.73
2370 253.20
2380 84.60
2390 84.80
2400 85.00
2410 170.86
2420 430.99
2430 86.54
2440 86.74
2450 86.94
2460 87.14
2470 175.15
2480 87.71
2490 87.92
2500 88.12
2510 88.31
2520 177.49
2530 88.88
2540 89.08
2550 269.02
2560 180.22
2570 180.99
2580 181.78
2590 274.28
2600 91.61
2610 91.82
2620 92.02
2630 92.21
2640 92.41
2650 278.96
2660 93.17
2670 187.25
2680 377.12
2690 94.54
2700 94.74
2710 190.37
2720 95.31
2730 95.53
2740 95.72
2750 95.92
2760 96.11
2770 96.31
2780 96.49
2790 96.70
2800 194.28
2810 97.27
2820 195.44
2830 97.86
2840 98.06
2850 98.25
2860 197.40
2870 98.84
2880 198.56
2890 99.42
2900 99.62
2910 99.82
2920 402.10
2930 303.54
2940 101.37
2950 203.62
2960 101.98
2970 204.80
2980 205.57
2990 102.93
3000 103.12
3010 103.34
3020 416.14
3030 104.30
3040 104.50
3050 104.69
3060 210.26
3070 317.00
3080 425.51
3090 106.64
3100 106.83
3110 214.56
3120 540.25
3130 764.68
3140 220.02
3150 110.15
3160 332.22
3170 110.93
3180 111.13
3190 111.32
3200 111.52
3210 336.33
3220 112.30
3230 112.50
3240 112.69
3250 226.27
3260 113.28
3270 227.43
3280 113.86
3290 343.36
3300 345.10
3310 115.23
3320 580.27
3330 467.66
3340 234.86
3350 117.56
3360 236.02
3370 118.15
3380 237.20
3390 477.02
3400 119.52
3410 239.93
3420 240.70
3430 362.68
3440 486.39
3450 244.22
3460 122.25
3470 122.45
3480 245.78
3490 123.03
3500 246.96
3510 123.62
3520 123.82
3530 1377.83
3540 252.80
3550 253.59
3560 126.93
3570 127.14
3580 383.16
3590 384.92
3600 645.63
3610 129.48
3620 259.82
3630 130.06
3640 261.00
3650 393.12
3660 262.95
3670 1193.99
3680 133.37
3690 805.85
3700 405.40
3710 135.33
3720 135.53
3730 271.93
3740 136.11
3750 136.30
3760 410.68
3770 137.08
3780 275.05
3790 137.67
3800 137.86
3810 138.06
3820 415.95
3830 138.84
3840 139.04
3850 139.23
3860 139.42
3870 139.62
3880 139.81
3890 421.21
3900 422.96
3910 282.86
3920 853.85
3930 285.98
3940 143.13
3950 431.17
3960 432.92
3970 144.50
3980 289.88
3990 145.09
4000 291.05
4010 145.67
4020 438.78
4030 293.40
4040 146.84
4050 147.03
4060 147.24
4070 147.43
4080 147.62
4090 147.82
4100 296.51
4110 297.30
4120 148.79
4130 148.99
4140 149.17
4150 149.38
4160 149.57
4170 300.03
4180 150.16
4190 150.35
4200 301.58
4210 150.93
4220 151.13
4230 151.33
4240 151.53
4250 151.72
4260 151.91
4270 152.11
4280 152.30
4290 152.50
4300 612.84
4310 153.48
4320 307.83
4330 154.06
4340 463.96
4350 310.18
4360 155.23
4370 311.34
4380 155.82
4390 312.52
4400 156.40
4410 156.60
4420 156.79
4430 156.99
4440 157.18
4450 473.32
4460 157.96
4470 316.81
4480 158.54
4490 158.74
4500 318.37
4510 159.35
4520 159.52
4530 480.35
4540 482.10
4550 322.28
4560 161.28
4570 161.46
4580 323.83
4590 162.06
4600 487.97
4610 326.18
4620 163.23
4630 327.35
4640 822.23
4650 164.79
4660 330.47
4670 497.32
4680 332.42
4690 333.20
4700 669.05
4710 167.52
4720 1349.32
4730 849.54
4740 341.00
4750 170.66
4760 685.44
4770 171.61
4780 516.63
4790 172.40
4800 172.60
4810 519.57
4820 173.38
4830 347.63
4840 173.96
4850 174.16
4860 174.35
4870 524.84
4880 175.14
4890 175.33
4900 351.54
4910 352.32
4920 530.09
4930 176.89
4940 710.42
4950 356.22
4960 178.26
4970 536.54
4980 538.29
4990 179.63
5000 179.81

Lap 4
10 376.82
20 188.42
30 188.62
40 378.11
50 758.85
60 380.45
70 381.24
80 190.76
90 382.39
100 383.18
110 191.73
120 384.34
130 192.32
140 385.51
150 386.30
160 775.23
170 194.07
180 779.12
190 195.06
200 195.24
210 391.38
220 195.82
230 392.53
240 196.42
250 591.00
260 197.20
270 197.40
280 197.59
290 197.77
300 197.97
310 198.17
320 397.22
330 398.00
340 199.16
350 199.34
360 599.77
370 601.54
380 401.90
390 201.10
400 1617.86
410 202.85
420 203.05
430 203.26
440 1429.93
450 204.79
460 205.00
470 205.21
480 205.39
490 1444.96
500 206.95
510 622.61
520 415.95
530 416.73
540 417.51
550 418.30
560 1260.15
570 210.46
580 210.66
590 422.19
600 422.98
610 423.76
620 212.03
630 212.23
640 851.70
650 640.76
660 213.78
670 213.97
680 214.17
690 214.37
700 214.56
710 214.75
720 214.96
730 215.15
740 215.34
750 215.54
760 1298.78
770 434.28
780 435.07
790 217.69
800 654.81
810 1315.17
820 439.75
830 661.23
840 220.62
850 220.81
860 221.00
870 886.84
880 667.09
890 445.62
900 222.95
910 670.62
920 223.74
930 223.93
940 898.53
950 675.88
960 225.49
970 225.69
980 225.88
990 452.64
1000 226.46
1010 681.14
1020 454.97
1030 227.62
1040 227.82
1050 228.03
1060 456.92
1070 457.70
1080 918.04
1090 690.51
1100 461.22
1110 230.75
1120 462.38
1130 463.16
1140 928.96
1150 232.50
1160 699.29
1170 233.29
1180 233.47
1190 467.86
1200 468.62
1210 234.48
1220 234.65
1230 234.85
1240 470.59
1250 235.44
1260 235.62
1270 708.65
1280 710.41
1290 237.00
1300 237.19
1310 951.61
1320 238.16
1330 238.36
1340 716.86
1350 239.14
1360 239.34
1370 239.53
1380 239.72
1390 239.92
1400 240.11
1410 240.31
1420 240.51
1430 481.89
1440 241.09
1450 483.07
1460 241.68
1470 484.24
1480 485.01
1490 485.81
1500 243.05
1510 243.24
1520 487.36
1530 243.82
1540 488.54
1550 244.41
1560 489.70
1570 490.48
1580 491.26
1590 245.78
1600 492.43
1610 493.22
1620 1236.90
1630 992.97
1640 1245.68
1650 249.47
1660 750.22
1670 501.02
1680 250.66
1690 250.85
1700 502.58
1710 503.36
1720 756.66
1730 758.41
1740 252.99
1750 253.20
1760 253.39
1770 253.58
1780 253.77
1790 508.43
1800 1019.51
1810 510.78
1820 255.53
1830 768.37
1840 256.31
1850 256.51
1860 513.90
1870 257.09
1880 773.06
1890 774.81
1900 517.42
1910 258.84
1920 259.05
1930 259.25
1940 259.43
1950 519.76
1960 260.02
1970 260.22
1980 260.41
1990 260.61
2000 522.10
2010 261.20
2020 785.35
2030 524.44
2040 262.36
2050 262.56
2060 1053.08
2070 791.78
2080 264.12
2090 264.32
2100 1325.69
2110 531.45
2120 265.87
2130 532.66
2140 266.46
2150 266.66
2160 266.86
2170 267.05
2180 267.24
2190 267.44
2200 267.63
2210 1073.38
2220 537.70
2230 269.00
2240 269.21
2250 269.39
2260 269.58
2270 540.06
2280 540.84
2290 1084.30
2300 271.34
2310 543.56
2320 271.92
2330 272.12
2340 545.12
2350 272.70
2360 272.90
2370 1094.45
2380 548.24
2390 1374.47
2400 275.23
2410 551.37
2420 275.83
2430 276.02
2440 1106.94
2450 276.99
2460 554.89
2470 1391.07
2480 836.85
2490 279.15
2500 1119.43
2510 280.11
2520 561.13
2530 280.70
2540 280.90
2550 281.10
2560 281.30
2570 563.47
2580 1979.02
2590 283.24
2600 283.43
2610 283.63
2620 283.83
2630 284.03
2640 568.93
2650 284.62
2660 284.79
2670 285.00
2680 856.77
2690 572.07
2700 1146.75
2710 862.03
2720 1152.22
2730 288.31
2740 577.51
2750 288.90
2760 289.09
2770 579.08
2780 289.69
2790 289.88
2800 871.39
2810 581.81
2820 1166.25
2830 584.14
2840 584.93
2850 292.60
2860 292.81
2870 293.00
2880 293.19
2890 293.39
2900 881.93
2910 588.83
2920 294.56
2930 294.76
2940 294.95
2950 1182.66
2960 592.34
2970 1187.34
2980 297.08
2990 297.29
3000 893.64
3010 298.08
3020 896.00
3030 298.86
3040 299.04
3050 299.25
3060 299.44
3070 900.08
3080 300.22
3090 601.33
3100 300.80
3110 301.00
3120 301.20
3130 301.39
3140 905.93
3150 302.17
3160 302.37
3170 302.57
3180 302.75
3190 606.39
3200 607.17
3210 303.74
3220 912.96
3230 914.72
3240 305.10
3250 305.29
3260 305.49
3270 305.68
3280 918.81
3290 306.47
3300 921.16
3310 307.25
3320 923.50
3330 616.54
3340 308.41
3350 1236.50
3360 619.27
3370 309.78
3380 309.97
3390 620.84
3400 932.86
3410 311.15
3420 935.21
3430 1562.78
3440 312.89
3450 940.48
3460 313.68
3470 942.82
3480 629.42
3490 945.75
3500 631.36
3510 315.84
3520 949.26
3530 316.61
3540 316.80
3550 317.00
3560 317.20
3570 953.36
3580 636.45
3590 956.28
3600 318.95
3610 638.80
3620 959.79
3630 320.13
3640 320.32
3650 320.52
3660 1284.91
3670 321.48
3680 321.68
3690 321.87
3700 967.42
3710 322.66
3720 969.76
3730 323.44
3740 972.09
3750 324.22
3760 324.41
3770 324.62
3780 324.81
3790 325.00
3800 650.89
3810 977.94
3820 326.17
3830 1962.64
3840 655.56
3850 656.36
3860 986.14
3870 328.90
3880 1648.67
3890 660.63
3900 330.46
3910 661.82
3920 1326.27
3930 331.83
3940 332.02
3950 664.94
3960 332.62
3970 666.11
3980 1000.78
3990 1002.53
4000 1004.28
4010 1006.04
4020 671.58
4030 672.35
4040 336.32
4050 336.52
4060 336.71
4070 674.31
4080 337.29
4090 337.49
4100 2030.55
4110 338.85
4120 339.05
4130 339.25
4140 679.38
4150 339.83
4160 340.02
4170 680.95
4180 681.72
4190 1708.17
4200 684.44
4210 685.24
4220 686.01
4230 686.79
4240 343.54
4250 1032.38
4260 1724.75
4270 691.09
4280 1038.24
4290 346.26
4300 693.42
4310 346.86
4320 694.59
4330 347.44
4340 1392.61
4350 1046.43
4360 348.99
4370 349.20
4380 349.39
4390 699.68
4400 1051.11
4410 350.56
4420 350.76
4430 1054.04
4440 351.54
4450 703.95
4460 1410.57
4470 352.90
4480 1060.48
4490 1771.56
4500 354.65
4510 710.20
4520 710.99
4530 711.77
4540 1069.27
4550 356.61
4560 1787.19
4570 357.78
4580 1433.98
4590 1077.44
4600 359.33
4610 359.54
4620 359.74
4630 1802.79
4640 360.89
4650 722.70
4660 361.49
4670 361.68
4680 1086.82
4690 725.42
4700 726.21
4710 727.00
4720 363.65
4730 363.83
4740 364.02
4750 364.23
4760 1459.75
4770 365.19
4780 731.28
4790 732.06
4800 366.18
4810 733.23
4820 734.01
4830 367.15
4840 367.35
4850 1103.80
4860 736.75
4870 2585.50
4880 369.87
4890 370.07
4900 370.28
4910 370.46
4920 370.66
4930 1485.50
4940 743.76
4950 1490.18
4960 1867.18
4970 373.77
4980 373.98
4990 374.18
5000 374.37

Lap 5
10 1.78
20 0.51
30 0.38
40 0.35
50 0.30
60 0.28
70 0.17
80 0.61
90 1.46
100 2.41
110 10.76
120 0.37
130 0.15
140 0.33
150 9.13
160 0.43
170 7.00
180 0.48
190 6.32
200 0.32
210 7.16
220 0.25
230 5.58
240 0.50
250 1.19
260 0.98
270 2.94
280 4.12
290 5.28
300 17.59
310 3.83
320 18.09
330 4.80
340 10.48
350 5.39
360 14.10
370 6.17
380 12.15
390 6.75
400 4.53
410 50.17
420 8.51
430 8.71
440 18.27
450 19.06
460 9.68
470 9.87
480 10.07
490 10.26
500 21.39
510 33.70
520 23.34
530 36.62
540 65.13
550 13.39
560 13.58
570 13.78
580 13.97
590 14.16
600 14.36
610 44.82
620 15.14
630 15.33
640 31.54
650 48.92
660 157.85
670 18.25
680 18.45
690 37.79
700 78.19
710 19.82
720 82.10
730 129.15
740 89.89
750 22.75
760 22.97
770 46.76
780 23.54
790 96.92
800 24.51
810 49.89
820 50.66
830 25.48
840 25.68
850 25.87
860 52.61
870 53.39
880 26.85
890 82.29
900 27.63
910 27.83
920 28.03
930 56.91
940 57.69
950 28.99
960 58.86
970 150.99
980 30.54
990 30.75
1000 30.95
1010 126.59
1020 31.90
1030 64.71
1040 32.50
1050 32.70
1060 32.89
1070 33.09
1080 135.18
1090 34.05
1100 103.94
1110 34.83
1120 35.04
1130 35.24
1140 35.43
1150 108.04
1160 36.20
1170 36.40
1180 36.60
1190 36.80
1200 188.07
1210 115.06
1220 38.55
1230 77.97
1240 39.13
1250 39.33
1260 79.54
1270 161.69
1280 40.70
1290 40.90
1300 41.09
1310 83.05
1320 168.73
1330 42.45
1340 42.65
1350 42.85
1360 43.03
1370 43.24
1380 87.34
1390 43.82
1400 88.51
1410 44.41
1420 44.59
1430 44.80
1440 44.99
1450 45.18
1460 91.24
1470 45.77
1480 185.91
1490 93.97
1500 94.75
1510 47.53
1520 47.73
1530 47.92
1540 48.10
1550 97.11
1560 48.70
1570 247.58
1580 406.44
1590 312.95
1600 105.68
1610 214.00
1620 53.79
1630 163.06
1640 220.24
1650 167.15
1660 112.32
1670 170.08
1680 56.88
1690 57.09
1700 289.52
1710 117.00
1720 58.65
1730 58.85
1740 59.03
1750 59.24
1760 119.35
1770 120.11
1780 242.87
1790 184.13
1800 61.57
1810 124.03
1820 124.81
1830 62.55
1840 62.75
1850 253.82
1860 256.93
1870 129.48
1880 195.84
1890 65.47
1900 65.67
1910 332.47
1920 473.75
1930 205.79
1940 68.79
1950 68.99
1960 138.85
1970 69.57
1980 140.03
1990 140.81
2000 141.59
2010 70.93
2020 71.14
2030 143.15
2040 71.72
2050 289.71
2060 72.69
2070 219.85
2080 147.43
2090 73.86
2100 74.07
2110 299.08
2120 150.56
2130 151.34
2140 152.12
2150 76.20
2160 153.31
2170 76.79
2180 154.47
2190 233.30
2200 235.06
2210 78.55
2220 78.75
2230 158.37
2240 319.36
2250 80.11
2260 80.31
2270 80.50
2280 80.71
2290 162.28
2300 81.27
2310 163.44
2320 81.86
2330 82.06
2340 665.58
2350 83.81
2360 84.02
2370 168.92
2380 84.58
2390 427.09
2400 519.00
2410 174.37
2420 263.15
2430 87.91
2440 265.50
2450 88.69
2460 88.89
2470 178.66
2480 89.48
2490 360.73
2500 363.85
2510 182.95
2520 91.61
2530 91.83
2540 184.51
2550 92.40
2560 92.60
2570 186.09
2580 280.71
2590 93.77
2600 188.42
2610 94.34
2620 94.55
2630 189.98
2640 95.13
2650 95.33
2660 191.55
2670 95.90
2680 96.11
2690 96.31
2700 681.36
2710 196.22
2720 196.99
2730 297.11
2740 198.94
2750 602.12
2760 405.22
2770 101.58
2780 204.02
2790 720.96
2800 416.15
2810 209.09
2820 104.70
2830 421.62
2840 211.82
2850 212.60
2860 106.45
2870 213.78
2880 214.55
2890 215.34
2900 433.33
2910 108.58
2920 108.79
2930 328.14
2940 219.63
2950 109.95
2960 110.16
2970 110.35
2980 221.59
2990 110.93
3000 111.12
3010 223.16
3020 223.93
3030 112.11
3040 225.09
3050 225.88
3060 113.08
3070 113.28
3080 113.47
3090 113.67
3100 113.86
3110 114.06
3120 114.25
3130 229.39
3140 345.69
3150 231.33
3160 232.13
3170 232.90
3180 116.59
3190 116.79
3200 116.98
3210 117.19
3220 946.55
3230 118.94
3240 119.12
3250 239.17
3260 239.93
3270 240.70
3280 120.50
3290 120.72
3300 120.88
3310 486.40
3320 121.87
3330 244.61
3340 368.53
3350 246.57
3360 123.42
3370 621.25
3380 500.47
3390 125.37
3400 251.65
3410 125.96
3420 126.15
3430 380.24
3440 126.94
3450 254.76
3460 127.52
3470 127.72
3480 771.91
3490 388.44
3500 259.83
3510 260.61
3520 392.54
3530 131.03
3540 131.24
3550 131.42
3560 131.62
3570 131.81
3580 530.10
3590 132.80
3600 266.47
3610 267.25
3620 133.76
3630 133.96
3640 134.16
3650 134.36
3660 134.54
3670 134.74
3680 134.94
3690 135.13
3700 407.17
3710 682.73
3720 274.27
3730 137.28
3740 551.97
3750 138.25
3760 695.41
3770 139.42
3780 279.74
3790 280.52
3800 140.40
3810 422.98
3820 424.72
3830 141.77
3840 141.96
3850 857.38
3860 287.15
3870 1157.31
3880 145.27
3890 437.61
3900 146.06
3910 293.01
3920 146.65
3930 146.85
3940 147.04
3950 294.96
3960 444.05
3970 296.92
3980 446.98
3990 298.86
4000 149.57
4010 149.78
4020 601.93
4030 453.42
4040 151.33
4050 151.52
4060 151.72
4070 1069.30
4080 307.06
4090 153.67
4100 308.24
4110 154.25
4120 309.41
4130 310.17
4140 466.88
4150 155.81
4160 156.02
4170 156.21
4180 785.17
4190 315.25
4200 316.03
4210 158.16
4220 158.34
4230 158.55
4240 317.98
4250 159.14
4260 159.33
4270 159.53
4280 480.34
4290 321.10
4300 321.89
4310 484.44
4320 323.83
4330 324.62
4340 325.39
4350 162.84
4360 326.58
4370 491.46
4380 164.01
4390 493.81
4400 330.08
4410 165.19
4420 331.25
4430 165.76
4440 165.97
4450 166.16
4460 333.20
4470 1004.90
4480 1520.66
4490 169.66
4500 852.47
4510 170.85
4520 342.57
4530 171.43
4540 343.74
4550 172.01
4560 172.21
4570 345.31
4580 1041.18
4590 523.07
4600 1051.72
4610 175.72
4620 352.32
4630 353.10
4640 176.71
4650 709.63
4660 534.20
4670 178.26
4680 536.54
4690 179.04
4700 358.96
4710 179.62
4720 360.13
4730 180.20
4740 180.41
4750 542.98
4760 181.18
4770 181.38
4780 363.64
4790 547.08
4800 182.55
4810 182.74
4820 182.94
4830 183.15
4840 183.33
4850 736.18
4860 554.10
4870 184.90
4880 370.68
4890 557.62
4900 372.65
4910 560.56
4920 187.04
4930 187.23
4940 187.43
4950 187.62
4960 376.14
4970 188.21
4980 188.41
4990 2279.41
5000 574.01

Lap 6
10 0.38
20 0.23
30 0.27
40 0.21
50 0.16
60 0.16
70 0.13
80 0.10
90 12.47
100 0.25
110 0.28
120 0.95
130 10.62
140 0.28
150 8.74
160 0.22
170 7.97
180 0.15
190 6.75
200 0.12
210 6.23
220 0.18
230 5.34
240 0.25
250 0.60
260 1.76
270 1.37
280 3.72
290 2.34
300 2.73
310 6.45
320 7.62
330 1.30
340 19.15
350 4.99
360 5.20
370 15.18
380 5.97
390 48.77
400 7.53
410 32.93
420 17.48
430 8.90
440 28.42
450 9.68
460 20.23
470 65.91
480 11.43
490 36.03
500 12.22
510 38.37
520 40.13
530 13.58
540 71.95
550 45.40
560 15.35
570 15.53
580 31.93
590 16.12
600 16.30
610 103.38
620 17.67
630 17.87
640 171.89
650 40.12
660 20.22
670 20.41
680 20.60
690 20.80
700 42.47
710 21.39
720 21.58
730 44.03
740 44.81
750 22.56
760 45.97
770 70.57
780 47.93
790 48.71
800 49.49
810 24.90
820 102.39
830 25.87
840 26.07
850 26.26
860 80.53
870 27.05
880 82.86
890 27.83
900 28.01
910 28.22
920 28.41
930 28.60
940 87.56
950 29.38
960 181.82
970 30.74
980 30.95
990 31.14
1000 31.35
1010 128.13
1020 32.30
1030 65.49
1040 32.89
1050 33.09
1060 67.05
1070 67.84
1080 34.06
1090 34.26
1100 34.45
1110 34.65
1120 34.85
1130 35.03
1140 142.97
1150 36.01
1160 36.21
1170 36.41
1180 36.59
1190 74.08
1200 37.19
1210 37.38
1220 37.58
1230 153.11
1240 77.58
1250 78.36
1260 39.33
1270 39.53
1280 39.72
1290 80.32
1300 40.30
1310 40.52
1320 40.70
1330 40.89
1340 82.66
1350 253.24
1360 85.77
1370 43.04
1380 43.24
1390 87.34
1400 43.81
1410 178.10
1420 90.06
1430 45.19
1440 45.38
1450 45.58
1460 45.76
1470 375.21
1480 95.53
1490 47.92
1500 48.11
1510 48.31
1520 97.48
1530 48.89
1540 98.66
1550 49.48
1560 49.67
1570 49.87
1580 50.06
1590 101.00
1600 50.65
1610 50.85
1620 102.56
1630 51.42
1640 208.53
1650 52.40
1660 52.61
1670 52.79
1680 106.46
1690 53.38
1700 107.62
1710 108.41
1720 54.35
1730 109.59
1740 54.93
1750 55.14
1760 55.33
1770 167.74
1780 112.70
1790 113.48
1800 56.88
1810 114.67
1820 57.47
1830 174.18
1840 116.99
1850 117.78
1860 118.55
1870 119.34
1880 59.81
1890 60.01
1900 60.21
1910 60.40
1920 60.60
1930 60.80
1940 61.00
1950 61.19
1960 185.29
1970 376.17
1980 126.75
1990 63.52
2000 256.92
2010 129.48
2020 130.27
2030 65.28
2040 65.47
2050 65.68
2060 65.87
2070 66.06
2080 66.26
2090 66.46
2100 133.78
2110 134.56
2120 135.34
2130 67.81
2140 136.51
2150 206.37
2160 488.78
2170 70.35
2180 70.56
2190 70.75
2200 142.37
2210 432.38
2220 72.49
2230 219.27
2240 221.01
2250 148.22
2260 149.00
2270 225.12
2280 75.22
2290 75.43
2300 75.63
2310 228.63
2320 307.66
2330 77.18
2340 77.38
2350 155.64
2360 77.96
2370 156.81
2380 78.54
2390 78.75
2400 158.37
2410 79.32
2420 79.53
2430 159.93
2440 80.11
2450 242.09
2460 162.27
2470 163.05
2480 246.19
2490 82.25
2500 499.11
2510 83.62
2520 252.63
2530 425.14
2540 343.55
2550 86.16
2560 173.20
2570 86.74
2580 86.94
2590 262.58
2600 87.71
2610 264.92
2620 177.48
2630 267.84
2640 179.43
2650 180.21
2660 90.26
2670 90.46
2680 90.64
2690 90.84
2700 91.04
2710 274.87
2720 91.82
2730 92.01
2740 92.22
2750 185.29
2760 92.79
2770 280.13
2780 93.57
2790 282.48
2800 189.19
2810 94.74
2820 94.94
2830 190.77
2840 95.51
2850 288.33
2860 96.30
2870 290.68
2880 194.65
2890 97.47
2900 195.82
2910 196.60
2920 197.38
2930 198.16
2940 99.22
2950 99.43
2960 99.62
2970 401.32
2980 100.59
2990 202.07
3000 202.86
3010 101.57
3020 101.76
3030 101.95
3040 204.80
3050 308.82
3060 206.76
3070 207.53
3080 312.91
3090 209.49
3100 210.27
3110 317.01
3120 318.77
3130 106.45
3140 428.64
3150 107.42
3160 324.02
3170 434.89
3180 218.46
3190 109.36
3200 329.89
3210 331.64
3220 333.40
3230 111.33
3240 223.53
3250 224.32
3260 225.09
3270 225.88
3280 113.08
3290 113.28
3300 227.44
3310 228.21
3320 229.00
3330 460.64
3340 580.27
3350 233.30
3360 234.07
3370 234.86
3380 235.63
3390 831.61
3400 119.33
3410 480.15
3420 120.31
3430 120.49
3440 363.26
3450 365.02
3460 121.86
3470 244.61
3480 245.39
3490 369.70
3500 247.35
3510 248.11
3520 248.90
3530 124.60
3540 124.79
3550 250.47
3560 503.57
3570 126.15
3580 380.24
3590 126.93
3600 638.81
3610 128.10
3620 257.11
3630 387.25
3640 649.53
3650 261.00
3660 130.65
3670 130.84
3680 790.62
3690 132.21
3700 132.40
3710 265.69
3720 132.99
3730 266.85
3740 133.57
3750 268.03
3760 134.16
3770 134.35
3780 134.54
3790 134.74
3800 270.37
3810 135.33
3820 135.52
3830 135.71
3840 135.91
3850 136.11
3860 273.10
3870 411.26
3880 275.05
3890 552.75
3900 277.39
3910 417.70
3920 419.47
3930 280.51
3940 281.29
3950 140.79
3960 140.98
3970 141.18
3980 283.25
3990 141.76
4000 427.07
4010 142.56
4020 860.87
4030 432.93
4040 144.49
4050 144.69
4060 144.88
4070 290.67
4080 877.27
4090 146.64
4100 441.71
4110 147.42
4120 147.62
4130 296.15
4140 148.21
4150 148.39
4160 148.60
4170 148.80
4180 148.99
4190 298.86
4200 149.57
4210 149.77
4220 601.92
4230 301.98
4240 302.76
4250 913.58
4260 152.69
4270 152.89
4280 306.67
4290 307.44
4300 308.23
4310 154.25
4320 154.45
4330 309.78
4340 155.04
4350 155.23
4360 311.35
4370 312.13
4380 156.20
4390 627.68
4400 472.74
4410 157.77
4420 316.42
4430 476.24
4440 318.37
4450 479.17
4460 159.91
4470 320.72
4480 321.50
4490 645.64
4500 161.67
4510 161.86
4520 162.06
4530 162.26
4540 325.40
4550 817.36
4560 163.81
4570 328.52
4580 164.40
4590 164.60
4600 495.57
4610 996.69
4620 333.59
4630 166.94
4640 670.61
4650 673.73
4660 168.69
4670 507.86
4680 339.44
4690 681.53
4700 341.78
4710 171.04
4720 342.96
4730 1034.18
4740 172.79
4750 172.98
4760 173.18
4770 347.25
4780 173.76
4790 173.97
4800 174.16
4810 349.20
4820 1229.11
4830 176.10
4840 884.69
4850 533.02
4860 356.24
4870 178.26
4880 178.45
4890 357.80
4900 179.03
4910 179.24
4920 179.43
4930 901.27
4940 180.59
4950 180.80
4960 180.99
4970 544.74
4980 364.05
4990 182.16
5000 548.25

Lap 7
10 1.31
20 0.35
30 0.37
40 0.32
50 0.24
60 0.22
70 0.16
80 0.28
90 10.93
100 1.24
110 11.70
120 0.40
130 9.70
140 0.31
150 8.95
160 0.38
170 8.10
180 0.24
190 6.71
200 0.21
210 6.45
220 0.30
230 5.27
240 0.59
250 0.78
260 2.54
270 1.76
280 12.71
290 6.17
300 4.52
310 8.40
320 2.48
330 26.37
340 5.57
350 5.78
360 12.41
370 20.22
380 6.95
390 7.14
400 7.34
410 7.54
420 24.33
430 8.30
440 36.05
450 49.51
460 10.26
470 10.46
480 10.65
490 69.40
500 12.02
510 24.90
520 38.96
530 13.19
540 13.39
550 13.58
560 13.77
570 28.41
580 14.35
590 14.55
600 29.98
610 30.75
620 15.53
630 48.32
640 67.27
650 34.66
660 17.48
670 17.67
680 36.22
690 37.00
700 18.67
710 18.84
720 38.57
730 39.34
740 19.82
750 40.52
760 83.65
770 21.19
780 21.39
790 21.57
800 21.77
810 21.97
820 44.81
830 45.58
840 46.36
850 23.34
860 23.53
870 23.73
880 23.92
890 48.70
900 24.51
910 100.82
920 51.44
930 78.76
940 53.39
950 109.41
960 84.03
970 28.22
980 86.37
990 88.14
1000 120.33
1010 61.19
1020 93.40
1030 95.15
1040 31.92
1050 32.12
1060 32.30
1070 165.61
1080 135.93
1090 34.26
1100 69.39
1110 34.83
1120 35.03
1130 35.24
1140 35.42
1150 35.63
1160 35.83
1170 36.01
1180 72.90
1190 36.60
1200 74.07
1210 74.86
1220 37.58
1230 114.46
1240 38.35
1250 77.59
1260 38.94
1270 78.75
1280 79.53
1290 120.91
1300 40.49
1310 123.25
1320 41.29
1330 41.48
1340 41.67
1350 126.76
1360 42.45
1370 42.65
1380 42.84
1390 86.56
1400 175.75
1410 44.20
1420 270.80
1430 184.32
1440 46.34
1450 93.59
1460 141.98
1470 95.53
1480 193.70
1490 97.87
1500 349.44
1510 101.37
1520 50.84
1530 51.04
1540 51.23
1550 51.43
1560 51.63
1570 104.14
1580 52.20
1590 211.65
1600 214.76
1610 108.41
1620 54.35
1630 54.54
1640 109.98
1650 110.75
1660 167.74
1670 169.49
1680 56.69
1690 114.27
1700 57.27
1710 57.49
1720 115.83
1730 175.34
1740 177.09
1750 59.23
1760 59.42
1770 180.03
1780 120.90
1790 430.03
1800 61.96
1810 62.16
1820 125.19
1830 62.74
1840 62.94
1850 63.13
1860 127.15
1870 63.71
1880 63.91
1890 323.67
1900 65.07
1910 131.06
1920 65.67
1930 198.77
1940 133.39
1950 66.83
1960 338.31
1970 68.01
1980 344.16
1990 69.17
2000 139.25
2010 210.46
2020 70.35
2030 141.59
2040 70.94
2050 142.76
2060 143.54
2070 71.91
2080 144.70
2090 145.49
2100 367.56
2110 148.21
2120 74.25
2130 74.45
2140 74.65
2150 74.85
2160 75.04
2170 75.24
2180 151.34
2190 152.12
2200 152.90
2210 386.12
2220 312.34
2230 78.35
2240 157.59
2250 317.81
2260 401.72
2270 161.88
2280 326.38
2290 81.87
2300 164.61
2310 415.37
2320 83.42
2330 167.73
2340 253.21
2350 84.59
2360 84.80
2370 170.47
2380 171.23
2390 85.76
2400 172.42
2410 260.23
2420 261.99
2430 175.53
2440 87.91
2450 176.71
2460 88.49
2470 446.60
2480 89.67
2490 89.87
2500 90.06
2510 90.26
2520 272.53
2530 91.03
2540 91.24
2550 91.43
2560 554.12
2570 92.78
2580 186.47
2590 93.37
2600 93.57
2610 282.49
2620 189.18
2630 94.73
2640 190.37
2650 287.15
2660 288.90
2670 290.67
2680 292.42
2690 97.66
2700 97.87
2710 98.06
2720 98.26
2730 98.45
2740 98.65
2750 297.70
2760 199.34
2770 99.81
2780 100.01
2790 200.90
2800 201.68
2810 405.99
2820 101.77
2830 101.95
2840 204.80
2850 102.54
2860 102.74
2870 413.80
2880 103.72
2890 208.31
2900 104.30
2910 104.50
2920 104.70
2930 104.89
2940 105.07
2950 211.05
2960 211.83
2970 533.41
2980 107.03
2990 107.23
3000 107.42
3010 215.73
3020 216.51
3030 326.37
3040 108.98
3050 218.86
3060 550.98
3070 110.54
3080 333.39
3090 111.32
3100 111.52
3110 111.71
3120 111.90
3130 224.71
3140 225.48
3150 453.60
3160 227.82
3170 114.06
3180 343.94
3190 230.17
3200 462.97
3210 232.51
3220 233.29
3230 234.07
3240 117.17
3250 353.31
3260 117.96
3270 118.15
3280 237.19
3290 118.74
3300 118.93
3310 119.13
3320 119.32
3330 119.52
3340 239.92
3350 120.10
3360 483.27
3370 121.08
3380 121.28
3390 121.47
3400 121.67
3410 244.22
3420 245.00
3430 245.79
3440 123.03
3450 246.95
3460 247.73
3470 498.10
3480 124.79
3490 376.14
3500 125.56
3510 505.13
3520 126.54
3530 126.74
3540 254.37
3550 255.14
3560 255.92
3570 128.11
3580 128.29
3590 386.68
3600 129.08
3610 129.28
3620 519.96
3630 391.94
3640 393.69
3650 395.46
3660 264.51
3670 265.29
3680 266.07
3690 266.86
3700 133.56
3710 268.03
3720 403.65
3730 676.86
3740 408.34
3750 410.08
3760 136.89
3770 412.43
3780 137.67
3790 137.86
3800 138.06
3810 138.25
3820 277.39
3830 138.84
3840 558.21
3850 420.63
3860 281.29
3870 140.79
3880 140.99
3890 141.18
3900 141.37
3910 568.36
3920 142.35
3930 572.25
3940 143.33
3950 287.54
3960 288.32
3970 289.10
3980 435.26
3990 145.27
4000 291.44
4010 145.87
4020 146.06
4030 146.25
4040 146.45
4050 293.79
4060 147.03
4070 147.24
4080 740.28
4090 297.30
4100 148.79
4110 898.35
4120 602.69
4130 605.82
4140 151.71
4150 456.92
4160 152.50
4170 459.28
4180 153.28
4190 615.96
4200 309.01
4210 309.79
4220 310.56
4230 155.42
4240 155.62
4250 312.12
4260 156.21
4270 156.40
4280 156.60
4290 314.08
4300 157.18
4310 631.58
4320 475.65
4330 158.74
4340 318.37
4350 960.39
4360 160.50
4370 968.61
4380 324.22
4390 325.00
4400 162.65
4410 162.84
4420 490.29
4430 163.62
4440 328.13
4450 658.89
4460 330.47
4470 165.38
4480 331.63
4490 165.96
4500 166.16
4510 166.35
4520 166.55
4530 501.41
4540 335.16
4550 167.71
4560 504.93
4570 337.50
4580 507.86
4590 169.47
4600 169.67
4610 852.47
4620 170.84
4630 342.56
4640 171.43
4650 343.74
4660 172.01
4670 172.22
4680 172.40
4690 345.69
4700 172.98
4710 173.18
4720 521.32
4730 348.42
4740 524.25
4750 350.37
4760 351.15
4770 528.34
4780 176.30
4790 530.68
4800 354.67
4810 355.45
4820 356.22
4830 535.96
4840 178.85
4850 538.29
4860 901.27
4870 724.46
4880 363.25
4890 181.77
4900 547.07
4910 365.60
4920 182.94
4930 183.14
4940 183.32
4950 736.17
4960 184.31
4970 184.50
4980 555.28
4990 371.05
5000 744.78

Lap 8
10 1.41
20 0.23
30 0.31
40 0.28
50 0.19
60 0.14
70 0.19
80 0.10
90 0.96
100 3.21
110 0.40
120 2.48
130 0.46
140 1.52
150 11.05
160 0.29
170 7.75
180 0.30
190 6.73
200 0.22
210 7.54
220 0.16
230 5.39
240 0.22
250 0.20
260 2.35
270 1.37
280 3.71
290 4.88
300 2.93
310 6.84
320 0.14
330 4.10
340 9.18
350 3.64
360 5.27
370 51.11
380 6.95
390 7.15
400 7.34
410 15.54
420 16.32
430 17.10
440 8.70
450 8.90
460 9.09
470 19.07
480 30.18
490 10.27
500 91.09
510 12.02
520 50.87
530 13.00
540 26.86
550 27.63
560 43.05
570 14.56
580 45.39
590 15.34
600 15.54
610 48.32
620 84.63
630 17.29
640 35.44
650 36.22
660 18.26
670 37.39
680 57.69
690 39.35
700 19.82
710 61.21
720 194.72
730 22.36
740 22.55
750 93.03
760 47.55
770 23.92
780 48.71
790 49.49
800 75.84
810 25.49
820 51.83
830 52.61
840 107.86
850 82.86
860 171.28
870 58.46
880 29.38
890 89.89
900 30.17
910 61.19
920 188.85
930 31.91
940 32.12
950 32.31
960 32.51
970 200.56
980 33.87
990 34.07
1000 34.27
1010 34.46
1020 105.10
1030 70.95
1040 181.22
1050 110.95
1060 37.18
1070 37.38
1080 37.58
1090 114.47
1100 155.45
1110 39.13
1120 79.15
1130 160.91
1140 122.66
1150 41.08
1160 41.29
1170 253.23
1180 42.63
1190 261.43
1200 44.01
1210 44.21
1220 89.29
1230 273.14
1240 375.20
1250 143.74
1260 48.10
1270 48.31
1280 97.49
1290 98.27
1300 99.05
1310 49.68
1320 49.87
1330 407.99
1340 103.74
1350 52.00
1360 104.93
1370 105.68
1380 52.98
1390 53.18
1400 107.24
1410 53.76
1420 53.96
1430 54.16
1440 109.20
1450 165.40
1460 55.33
1470 111.54
1480 55.90
1490 56.12
1500 113.10
1510 56.69
1520 56.88
1530 114.66
1540 115.44
1550 57.85
1560 58.07
1570 58.26
1580 58.46
1590 58.65
1600 118.17
1610 238.97
1620 120.50
1630 182.39
1640 122.45
1650 123.24
1660 186.47
1670 62.34
1680 125.59
1690 62.94
1700 254.58
1710 257.71
1720 195.25
1730 65.27
1740 131.44
1750 332.46
1760 269.41
1770 135.73
1780 205.21
1790 68.59
1800 207.56
1810 279.55
1820 282.68
1830 357.82
1840 216.91
1850 292.05
1860 73.28
1870 73.48
1880 371.49
1890 74.64
1900 74.84
1910 454.62
1920 76.20
1930 76.41
1940 76.60
1950 76.80
1960 232.14
1970 77.57
1980 391.98
1990 237.40
2000 319.37
2010 80.11
2020 161.10
2030 80.70
2040 407.58
2050 246.77
2060 82.45
2070 82.65
2080 333.43
2090 83.62
2100 83.82
2110 84.01
2120 168.92
2130 84.59
2140 170.08
2150 85.18
2160 171.24
2170 85.76
2180 85.96
2190 521.35
2200 175.14
2210 87.71
2220 87.92
2230 712.40
2240 89.66
2250 634.92
2260 182.95
2270 91.61
2280 91.82
2290 370.10
2300 373.22
2310 93.56
2320 377.13
2330 380.25
2340 95.32
2350 191.54
2360 95.90
2370 96.12
2380 193.09
2390 96.70
2400 96.90
2410 97.09
2420 391.18
2430 98.06
2440 196.99
2450 98.64
2460 98.84
2470 298.28
2480 300.03
2490 1013.49
2500 102.14
2510 205.19
2520 102.75
2530 309.98
2540 520.74
2550 104.49
2560 526.60
2570 105.67
2580 425.50
2590 106.66
2600 214.17
2610 322.87
2620 107.81
2630 108.00
2640 108.21
2650 217.29
2660 547.09
2670 220.02
2680 110.16
2690 110.35
2700 110.54
2710 110.74
2720 222.35
2730 111.32
2740 448.15
2750 112.30
2760 565.63
2770 227.43
2780 572.46
2790 114.83
2800 230.56
2810 115.42
2820 115.61
2830 232.13
2840 116.20
2850 350.38
2860 116.98
2870 234.85
2880 117.56
2890 117.77
2900 355.07
2910 237.59
2920 838.44
2930 241.09
2940 120.69
2950 242.27
2960 121.28
2970 121.46
2980 121.66
2990 121.86
3000 122.06
3010 491.09
3020 123.04
3030 123.23
3040 123.42
3050 123.62
3060 123.82
3070 373.21
3080 124.59
3090 375.55
3100 125.38
3110 377.89
3120 126.15
3130 253.19
3140 253.98
3150 127.13
3160 255.14
3170 255.93
3180 256.70
3190 386.68
3200 518.40
3210 129.87
3220 916.30
3230 395.46
3240 132.01
3250 264.91
3260 132.59
3270 399.55
3280 401.31
3290 268.42
3300 134.34
3310 134.55
3320 134.74
3330 134.94
3340 270.75
3350 271.56
3360 135.91
3370 546.50
3380 136.89
3390 137.09
3400 137.28
3410 275.45
3420 276.22
3430 415.95
3440 278.17
3450 139.22
3460 139.42
3470 279.73
3480 140.01
3490 421.81
3500 140.79
3510 424.14
3520 425.90
3530 284.82
3540 285.58
3550 142.93
3560 718.81
3570 578.51
3580 144.89
3590 290.66
3600 583.97
3610 881.96
3620 591.77
3630 893.67
3640 149.37
3650 149.59
3660 450.49
3670 150.35
3680 301.59
3690 302.36
3700 151.33
3710 608.15
3720 305.11
3730 152.69
3740 306.27
3750 153.28
3760 770.52
3770 619.87
3780 310.96
3790 468.06
3800 312.91
3810 470.97
3820 314.86
3830 157.58
3840 157.76
3850 157.97
3860 158.16
3870 158.35
3880 158.55
3890 477.41
3900 319.15
3910 319.93
3920 481.51
3930 321.88
3940 161.08
3950 161.28
3960 161.47
3970 323.84
3980 324.61
3990 162.45
4000 325.79
4010 982.65
4020 164.21
4030 329.30
4040 164.80
4050 330.48
4060 165.38
4070 165.57
4080 332.04
4090 332.81
4100 668.26
4110 503.18
4120 167.91
4130 1182.67
4140 169.46
4150 169.66
4160 340.23
4170 170.25
4180 170.45
4190 170.65
4200 170.84
4210 171.04
4220 514.89
4230 171.81
4240 172.01
4250 1211.36
4260 173.57
4270 348.02
4280 698.71
4290 174.93
4300 526.59
4310 351.94
4320 176.10
4330 530.10
4340 531.87
4350 355.45
4360 534.79
4370 178.45
4380 357.79
4390 179.04
4400 358.97
4410 179.62
4420 179.82
4430 180.02
4440 180.21
4450 361.30
4460 2002.49
4470 182.93
4480 550.59
4490 736.97
4500 369.50
4510 184.89
4520 370.67
4530 557.61
4540 186.06
4550 747.12
4560 750.23
4570 187.82
4580 188.01
4590 754.92
4600 568.16
4610 189.57
4620 189.76
4630 189.96
4640 762.71
4650 190.94
4660 191.14
4670 191.33
4680 191.53
4690 191.73
4700 191.91
4710 192.11
4720 771.32
4730 774.42
4740 777.55
4750 194.65
4760 194.84
4770 195.03
4780 586.90
4790 195.82
4800 196.00
4810 392.93
4820 393.69
4830 196.99
4840 790.80
4850 197.97
4860 595.67
4870 198.75
4880 797.84
4890 199.71
4900 400.33
4910 401.12
4920 603.29
4930 201.28
4940 201.48
4950 201.67
4960 404.23
4970 202.26
4980 405.40
4990 406.18
5000 203.23

Lap 9
10 1.28
20 11.04
30 0.25
40 0.29
50 0.22
60 0.18
70 0.12
80 0.14
90 0.15
100 0.15
110 1.13
120 0.14
130 0.43
140 7.95
150 0.28
160 8.72
170 0.26
180 6.67
190 0.18
200 7.43
210 0.15
220 6.23
230 0.14
240 3.41
250 0.22
260 0.60
270 0.79
280 2.55
290 5.88
300 2.54
310 9.39
320 2.48
330 3.91
340 4.30
350 4.68
360 15.82
370 11.25
380 5.78
390 19.06
400 6.56
410 21.41
420 23.16
430 24.91
440 8.50
450 17.89
460 9.09
470 29.03
480 41.51
490 21.79
500 22.56
510 47.75
520 12.22
530 12.41
540 12.60
550 12.80
560 26.47
570 27.25
580 28.02
590 73.91
600 30.75
610 15.54
620 15.72
630 15.92
640 66.48
650 34.28
660 17.30
670 17.48
680 72.73
690 18.45
700 18.66
710 38.17
720 58.87
730 19.82
740 61.21
750 20.61
760 42.08
770 21.19
780 43.25
790 21.77
800 89.90
810 22.76
820 46.37
830 71.17
840 122.69
850 24.89
860 102.39
870 52.22
880 26.26
890 80.52
900 82.29
910 55.73
920 56.52
930 115.67
940 29.18
950 29.39
960 29.58
970 29.78
980 60.41
990 92.24
1000 125.80
1010 63.92
1020 97.49
1030 99.25
1040 67.04
1050 33.68
1060 33.87
1070 68.61
1080 69.39
1090 34.84
1100 70.56
1110 71.35
1120 35.81
1130 109.20
1140 36.60
1150 74.07
1160 37.19
1170 75.25
1180 309.65
1190 39.32
1200 39.53
1210 39.72
1220 80.32
1230 40.31
1240 122.67
1250 41.08
1260 41.28
1270 41.49
1280 41.67
1290 84.22
1300 42.26
1310 42.46
1320 42.64
1330 217.33
1340 267.29
1350 181.98
1360 45.76
1370 45.98
1380 139.65
1390 141.39
1400 47.32
1410 95.55
1420 47.91
1430 48.11
1440 97.11
1450 196.83
1460 49.47
1470 150.19
1480 50.25
1490 203.86
1500 154.85
1510 51.82
1520 52.02
1530 317.64
1540 53.37
1550 53.58
1560 53.76
1570 108.43
1580 54.35
1590 109.59
1600 165.98
1610 111.53
1620 112.31
1630 56.30
1640 113.49
1650 114.26
1660 57.27
1670 115.44
1680 233.50
1690 117.78
1700 118.56
1710 239.75
1720 60.21
1730 182.39
1740 60.98
1750 122.86
1760 61.57
1770 61.78
1780 61.97
1790 124.81
1800 188.82
1810 126.76
1820 127.53
1830 257.72
1840 260.83
1850 263.95
1860 66.25
1870 66.46
1880 66.66
1890 134.17
1900 67.23
1910 135.35
1920 204.62
1930 68.39
1940 68.61
1950 138.08
1960 69.18
1970 139.25
1980 210.47
1990 70.35
2000 70.55
2010 285.03
2020 143.54
2030 656.61
2040 371.48
2050 74.64
2060 74.84
2070 75.04
2080 75.24
2090 151.34
2100 75.81
2110 76.01
2120 76.21
2130 76.41
2140 76.60
2150 309.23
2160 77.57
2170 234.49
2180 157.20
2190 237.41
2200 239.15
2210 240.91
2220 80.49
2230 324.83
2240 81.47
2250 81.67
2260 164.23
2270 82.25
2280 82.46
2290 82.65
2300 82.85
2310 83.04
2320 83.24
2330 167.34
2340 83.81
2350 84.02
2360 509.65
2370 85.37
2380 171.64
2390 85.96
2400 86.16
2410 173.21
2420 524.86
2430 176.31
2440 177.09
2450 88.69
2460 267.84
2470 89.47
2480 89.68
2490 452.46
2500 182.16
2510 91.23
2520 183.34
2530 91.81
2540 463.19
2550 92.99
2560 943.25
2570 95.14
2580 191.15
2590 481.71
2600 486.61
2610 689.55
2620 398.19
2630 99.81
2640 807.62
2650 305.89
2660 102.15
2670 102.34
2680 308.82
2690 206.75
2700 103.52
2710 103.72
2720 103.91
2730 208.71
2740 314.67
2750 422.39
2760 318.77
2770 427.86
2780 756.48
2790 108.59
2800 108.79
2810 438.01
2820 330.48
2830 110.35
2840 221.58
2850 333.98
2860 335.74
2870 112.10
2880 338.09
2890 112.89
2900 340.43
2910 113.66
2920 113.86
2930 228.62
2940 459.85
2950 115.23
2960 115.43
2970 348.03
2980 232.91
2990 116.59
3000 116.79
3010 234.46
3020 117.38
3030 828.89
3040 118.93
3050 719.22
3060 120.30
3070 241.50
3080 363.85
3090 243.43
3100 121.86
3110 244.61
3120 122.45
3130 492.65
3140 371.46
3150 124.01
3160 248.91
3170 249.68
3180 502.01
3190 252.03
3200 126.16
3210 253.20
3220 253.98
3230 254.77
3240 769.56
3250 257.88
3260 129.08
3270 389.02
3280 129.86
3290 260.62
3300 130.45
3310 1052.73
3320 264.90
3330 132.59
3340 399.56
3350 133.38
3360 267.63
3370 268.42
3380 269.19
3390 269.98
3400 135.12
3410 135.33
3420 135.53
3430 135.72
3440 135.91
3450 136.11
3460 273.10
3470 136.70
3480 274.28
3490 275.05
3500 275.84
3510 276.62
3520 277.39
3530 138.85
3540 278.56
3550 139.42
3560 139.62
3570 139.82
3580 280.52
3590 281.30
3600 423.57
3610 141.37
3620 283.64
3630 141.96
3640 857.37
3650 143.33
3660 143.52
3670 576.94
3680 144.50
3690 289.89
3700 145.09
3710 729.55
3720 146.25
3730 146.47
3740 146.65
3750 146.84
3760 886.63
3770 296.91
3780 746.13
3790 751.01
3800 301.60
3810 757.85
3820 151.91
3830 457.52
3840 459.26
3850 153.28
3860 153.48
3870 153.67
3880 153.87
3890 928.79
3900 310.96
3910 155.63
3920 155.82
3930 626.12
3940 156.79
3950 156.99
3960 630.81
3970 157.96
3980 158.16
3990 158.35
4000 158.55
4010 477.43
4020 639.40
4030 481.52
4040 321.89
4050 161.09
4060 323.06
4070 323.84
4080 162.07
4090 162.26
4100 488.54
4110 654.22
4120 163.83
4130 164.01
4140 328.91
4150 329.69
4160 330.48
4170 830.05
4180 500.25
4190 166.94
4200 167.13
4210 167.34
4220 503.76
4230 168.10
4240 168.31
4250 168.50
4260 168.70
4270 338.28
4280 849.54
4290 170.26
4300 170.46
4310 684.66
4320 171.43
4330 861.27
4340 172.59
4350 172.80
4360 694.02
4370 522.49
4380 174.35
4390 174.55
4400 525.42
4410 527.17
4420 528.93
4430 353.50
4440 531.86
4450 355.45
4460 177.87
4470 893.47
4480 179.03
4490 179.24
4500 359.35
4510 540.65
4520 180.40
4530 1088.03
4540 181.78
4550 364.43
4560 182.34
4570 365.60
4580 733.84
4590 736.97
4600 1856.52
4610 1123.16
4620 564.06
4630 188.21
4640 188.41
4650 188.60
4660 757.27
4670 189.58
4680 189.77
4690 953.00
4700 765.85
4710 383.95
4720 384.72
4730 192.51
4740 192.70
4750 192.90
4760 386.67
4770 193.48
4780 193.67
4790 193.88
4800 194.06
4810 583.98
4820 390.19
4830 390.96
4840 391.74
4850 589.23
4860 393.70
4870 197.00
4880 394.87
4890 593.91
4900 198.16
4910 198.36
4920 397.60
4930 598.02
4940 199.53
4950 199.72
4960 199.92
4970 200.11
4980 602.11
4990 402.29
5000 201.28

Lap 10
10 0.04
20 0.41
30 0.34
40 0.29
50 0.23
60 0.17
70 0.17
80 0.12
90 0.26
100 3.81
110 0.25
120 1.69
130 0.51
140 0.30
150 0.40
160 0.47
170 9.66
180 0.63
190 9.74
200 0.31
210 7.66
220 0.28
230 8.27
240 0.19
250 1.18
260 2.15
270 1.56
280 1.95
290 2.35
300 8.80
310 5.21
320 3.90
330 23.44
340 4.99
350 35.47
360 6.35
370 13.59
380 14.37
390 7.33
400 15.54
410 16.32
420 17.09
430 8.70
440 8.91
450 18.66
460 29.59
470 31.35
480 21.78
490 11.05
500 11.23
510 23.34
520 11.82
530 12.02
540 77.62
550 27.24
560 13.77
570 28.42
580 44.23
590 30.36
600 130.12
610 16.89
620 34.66
630 35.44
640 17.87
650 18.07
660 37.00
670 57.13
680 78.96
690 20.02
700 40.90
710 84.43
720 87.55
730 44.81
740 68.81
750 23.14
760 47.15
770 23.72
780 48.32
790 175.96
800 104.71
810 80.51
820 82.28
830 27.63
840 56.13
850 56.90
860 146.10
870 59.63
880 29.96
890 30.17
900 30.36
910 30.56
920 30.75
930 30.95
940 62.76
950 63.54
960 64.32
970 32.31
980 98.68
990 33.10
1000 33.29
1010 67.43
1020 33.87
1030 103.35
1040 176.33
1050 144.52
1060 36.39
1070 36.60
1080 36.80
1090 36.99
1100 37.19
1110 151.55
1120 38.16
1130 38.35
1140 116.81
1150 118.56
1160 79.92
1170 40.11
1180 40.30
1190 40.51
1200 123.25
1210 83.04
1220 41.67
1230 126.76
1240 42.45
1250 42.65
1260 42.84
1270 43.03
1280 43.24
1290 43.42
1300 43.63
1310 132.61
1320 89.28
1330 44.80
1340 45.00
1350 45.18
1360 323.49
1370 46.74
1380 141.98
1390 47.52
1400 47.72
1410 47.92
1420 48.11
1430 146.08
1440 48.88
1450 49.09
1460 49.28
1470 49.48
1480 49.67
1490 49.87
1500 304.74
1510 51.22
1520 51.43
1530 51.63
1540 262.19
1550 106.07
1560 53.18
1570 53.38
1580 53.60
1590 53.77
1600 53.96
1610 54.17
1620 54.35
1630 109.58
1640 165.97
1650 55.52
1660 55.72
1670 55.92
1680 112.70
1690 56.49
1700 56.70
1710 56.89
1720 57.09
1730 57.29
1740 57.48
1750 291.47
1760 58.64
1770 297.33
1780 59.80
1790 181.21
1800 60.59
1810 60.80
1820 60.98
1830 246.78
1840 376.15
1850 126.75
1860 63.52
1870 256.93
1880 64.49
1890 64.69
1900 64.89
1910 65.09
1920 131.05
1930 65.67
1940 65.87
1950 66.06
1960 133.01
1970 66.65
1980 66.84
1990 67.04
2000 134.95
2010 135.74
2020 205.21
2030 346.10
2040 69.58
2050 69.76
2060 69.97
2070 70.16
2080 70.35
2090 212.83
2100 286.58
2110 289.69
2120 514.71
2130 223.35
2140 149.78
2150 75.03
2160 150.96
2170 75.62
2180 152.13
2190 539.31
2200 77.57
2210 77.78
2220 77.96
2230 78.16
2240 157.20
2250 78.74
2260 78.94
2270 79.14
2280 79.33
2290 79.53
2300 240.34
2310 80.30
2320 242.68
2330 162.66
2340 81.47
2350 163.84
2360 82.05
2370 165.01
2380 82.64
2390 82.85
2400 334.20
2410 83.81
2420 84.02
2430 84.22
2440 169.29
2450 84.79
2460 342.00
2470 172.03
2480 86.16
2490 173.20
2500 86.74
2510 349.81
2520 175.92
2530 88.10
2540 88.31
2550 177.49
2560 178.26
2570 89.27
2580 89.48
2590 179.83
2600 90.06
2610 90.26
2620 181.40
2630 182.16
2640 182.94
2650 91.61
2660 91.82
2670 277.21
2680 185.68
2690 92.98
2700 93.18
2710 93.39
2720 565.83
2730 94.74
2740 190.36
2750 673.15
2760 96.68
2770 96.89
2780 97.09
2790 195.05
2800 97.67
2810 97.87
2820 196.61
2830 495.36
2840 399.75
2850 402.87
2860 202.45
2870 101.37
2880 203.64
2890 101.95
2900 307.64
2910 102.74
2920 726.42
2930 419.26
2940 105.07
2950 317.01
2960 425.51
2970 536.34
2980 324.03
2990 108.21
3000 217.28
3010 108.79
3020 218.46
3030 219.24
3040 330.47
3050 221.20
3060 221.97
3070 222.74
3080 223.53
3090 336.91
3100 112.49
3110 452.82
3120 227.43
3130 342.77
3140 114.44
3150 460.64
3160 115.42
3170 231.72
3180 116.01
3190 232.90
3200 116.59
3210 116.80
3220 234.46
3230 471.56
3240 236.80
3250 237.59
3260 118.93
3270 238.76
3280 119.51
3290 480.93
3300 241.49
3310 120.88
3320 121.08
3330 121.28
3340 121.46
3350 121.67
3360 612.46
3370 246.17
3380 494.98
3390 248.51
3400 374.38
3410 124.98
3420 125.18
3430 125.37
3440 504.37
3450 126.35
3460 126.54
3470 126.74
3480 254.37
3490 127.32
3500 127.52
3510 127.71
3520 256.32
3530 128.29
3540 128.50
3550 128.71
3560 128.88
3570 388.43
3580 129.66
3590 260.23
3600 130.25
3610 523.86
3620 659.29
3630 397.79
3640 399.55
3650 535.57
3660 268.80
3670 134.55
3680 812.86
3690 135.91
3700 136.10
3710 136.30
3720 410.67
3730 137.08
3740 413.02
3750 137.86
3760 138.06
3770 555.10
3780 698.31
3790 280.52
3800 281.29
3810 707.10
3820 141.76
3830 141.96
3840 713.93
3850 143.13
3860 431.17
3870 288.32
3880 870.24
3890 437.61
3900 586.31
3910 146.84
3920 442.29
3930 444.04
3940 148.21
3950 297.30
3960 148.79
3970 448.14
3980 149.57
3990 149.77
4000 300.42
4010 301.21
4020 150.74
4030 150.94
4040 454.58
4050 456.34
4060 611.28
4070 153.08
4080 615.19
4090 463.36
4100 309.79
4110 466.29
4120 155.62
4130 155.81
4140 156.01
4150 156.21
4160 156.40
4170 1102.07
4180 157.96
4190 158.16
4200 635.48
4210 478.58
4220 319.93
4230 320.71
4240 321.49
4250 160.89
4260 161.08
4270 161.29
4280 323.45
4290 161.86
4300 162.06
4310 162.25
4320 325.40
4330 162.84
4340 163.03
4350 163.24
4360 163.43
4370 327.74
4380 328.52
4390 329.29
4400 164.79
4410 994.35
4420 166.15
4430 500.25
4440 166.94
4450 502.59
4460 167.72
4470 167.91
4480 1522.41
4490 169.86
4500 170.06
4510 1025.96
4520 171.43
4530 343.74
4540 172.01
4550 172.22
4560 172.40
4570 172.59
4580 693.24
4590 347.63
4600 173.96
4610 174.16
4620 174.35
4630 174.55
4640 174.75
4650 174.94
4660 175.13
4670 175.33
4680 175.52
4690 175.72
4700 175.91
4710 529.51
4720 176.69
4730 176.90
4740 354.67
4750 177.47
4760 534.20
4770 715.10
4780 179.04
4790 358.96
4800 179.62
4810 360.13
4820 360.91
4830 180.60
4840 362.08
4850 544.73
4860 364.04
4870 913.95
4880 550.58
4890 183.72
4900 368.32
4910 369.11
4920 184.69
4930 184.90
4940 370.67
4950 743.99
4960 186.26
4970 373.40
4980 561.70
4990 187.43
5000 187.62
