10 0.20
20 0.40
30 0.59
40 1.77
50 1.17
60 1.37
70 1.57
80 10.76
90 2.74
100 2.93
110 3.12
120 6.84
130 3.71
140 21.49
150 15.24
160 16.99
170 12.31
180 6.45
190 13.48
200 7.03
210 7.23
220 7.42
230 7.62
240 15.81
250 25.19
260 8.79
270 8.98
280 9.18
290 9.37
300 9.57
310 9.77
320 9.96
330 10.15
340 88.25
350 11.91
360 24.40
370 12.49
380 12.69
390 25.96
400 13.27
410 13.47
420 13.66
430 27.91
440 88.43
450 15.43
460 15.61
470 15.81
480 16.00
490 32.60
500 16.59
510 33.77
520 17.17
530 34.94
540 53.88
550 36.89
560 56.80
570 38.84
580 39.62
590 20.11
600 40.79
610 20.69
620 20.89
630 21.07
640 21.28
650 21.47
660 21.66
670 43.91
680 22.25
690 67.93
700 69.69
710 23.61
720 96.42
730 74.36
740 25.18
750 50.94
760 25.76
770 52.11
780 79.63
790 81.40
800 27.52
810 55.62
820 28.11
830 28.30
840 144.43
850 59.14
860 29.86
870 30.05
880 60.70
890 61.49
900 62.26
910 63.04
920 31.81
930 96.61
940 32.60
950 65.77
960 33.18
970 100.71
980 137.01
990 69.67
1000 105.98
1010 35.71
1020 35.90
1030 72.41
1040 36.49
1050 73.57
1060 74.36
1070 113.00
1080 76.31
1090 38.44
1100 38.64
1110 156.53
1120 79.43
1130 120.61
1140 204.92
1150 41.58
1160 41.76
1170 126.47
1180 42.54
1190 303.29
1200 88.41
1210 134.07
1220 45.08
1230 182.28
1240 46.06
1250 46.25
1260 46.45
1270 187.75
1280 47.42
1290 47.62
1300 95.83
1310 48.20
1320 48.40
1330 48.59
1340 48.79
1350 98.16
1360 49.38
1370 99.33
1380 150.47
1390 203.36
1400 51.33
1410 51.52
1420 525.96
1430 53.66
1440 53.86
1450 108.31
1460 109.10
1470 331.96
1480 56.01
1490 282.98
1500 57.18
1510 288.84
1520 293.70
1530 118.85
1540 59.72
1550 59.90
1560 120.41
1570 304.45
1580 61.48
1590 185.59
1600 62.26
1610 62.45
1620 62.65
1630 62.84
1640 381.14
1650 193.21
1660 64.79
1670 130.16
1680 65.38
1690 65.57
1700 397.55
1710 201.40
1720 67.52
1730 135.63
1740 550.34
1750 69.67
1760 69.87
1770 70.06
1780 140.70
1790 141.48
1800 71.04
1810 71.23
1820 71.42
1830 143.43
1840 144.21
1850 72.40
1860 145.38
1870 219.54
1880 295.46
1890 74.35
1900 299.37
1910 150.85
1920 151.63
1930 76.11
1940 152.81
1950 76.69
1960 76.89
1970 231.84
1980 233.60
1990 235.35
2000 237.11
2010 318.88
2020 565.55
2030 81.57
2040 245.89
2050 330.58
2060 83.14
2070 502.91
2080 84.50
2090 254.66
2100 85.28
2110 257.01
2120 86.06
2130 86.25
2140 86.45
2150 86.65
2160 173.88
2170 87.23
2180 262.87
2190 88.01
2200 88.20
2210 88.40
2220 88.59
2230 88.79
2240 178.17
2250 89.38
2260 269.30
2270 90.16
2280 90.36
2290 90.54
2300 90.74
2310 90.94
2320 91.14
2330 91.32
2340 183.25
2350 91.91
2360 184.42
2370 185.19
2380 92.89
2390 279.84
2400 281.60
2410 188.71
2420 189.49
2430 95.03
2440 95.23
2450 479.09
2460 96.40
2470 96.59
2480 193.77
2490 194.56
2500 97.56
2510 195.73
2520 591.88
2530 498.59
2540 301.49
2550 201.97
2560 202.76
2570 101.67
2580 203.92
2590 102.25
2600 102.45
2610 102.64
2620 412.54
2630 207.44
2640 312.63
2650 209.39
2660 104.99
2670 210.56
2680 105.57
2690 105.77
2700 212.13
2710 426.59
2720 321.99
2730 215.64
2740 216.42
2750 108.49
2760 326.69
2770 109.27
2780 659.80
2790 110.65
2800 110.84
2810 111.03
2820 222.66
2830 335.46
2840 224.61
2850 225.40
2860 226.17
2870 340.73
2880 113.97
2890 228.52
2900 459.37
2910 115.33
2920 231.25
2930 232.03
2940 116.31
2950 116.50
2960 233.59
2970 117.08
2980 470.30
2990 118.06
3000 118.25
3010 355.95
3020 119.04
3030 119.24
3040 239.05
3050 239.83
3060 240.61
3070 726.53
3080 365.90
3090 122.36
3100 122.55
3110 245.68
3120 123.14
3130 742.92
3140 124.49
3150 249.58
3160 250.37
3170 125.48
3180 125.67
3190 251.94
3200 126.25
3210 126.45
3220 126.65
3230 126.84
3240 127.04
3250 127.23
3260 896.12
3270 128.79
3280 258.18
3290 129.38
3300 129.57
3310 520.26
3320 261.30
3330 262.08
3340 262.86
3350 131.71
3360 131.92
3370 396.92
3380 531.98
3390 1208.34
3400 135.24
3410 271.06
3420 271.84
3430 136.21
3440 136.41
3450 136.60
3460 136.79
3470 136.99
3480 137.19
3490 137.38
3500 137.58
3510 137.77
3520 137.97
3530 276.52
3540 138.55
3550 277.69
3560 139.14
3570 278.86
3580 139.73
3590 280.04
3600 280.81
3610 422.69
3620 141.28
3630 283.16
3640 426.20
3650 570.99
3660 286.66
3670 287.45
3680 144.02
3690 433.21
3700 289.79
3710 145.19
3720 145.38
3730 291.35
3740 145.97
3750 879.91
3760 294.86
3770 592.07
3780 148.50
3790 148.70
3800 297.98
3810 298.76
3820 299.55
3830 150.06
3840 300.72
3850 906.84
3860 456.05
3870 152.41
3880 458.39
3890 153.18
3900 306.97
3910 153.77
3920 153.96
3930 308.52
3940 154.56
3950 464.83
3960 155.34
3970 311.26
3980 624.84
3990 785.46
4000 1107.83
4010 159.05
4020 159.24
4030 319.06
4040 159.82
4050 160.02
4060 964.21
4070 161.39
4080 161.58
4090 161.77
4100 649.05
4110 325.70
4120 163.14
4130 490.59
4140 656.86
4150 659.97
4160 331.16
4170 165.87
4180 166.07
4190 166.27
4200 667.00
4210 167.23
4220 335.06
4230 167.82
4240 168.03
4250 168.21
4260 337.02
4270 168.79
4280 338.17
4290 338.97
4300 339.75
4310 340.53
4320 170.55
4330 170.75
4340 684.96
4350 171.72
4360 516.36
4370 172.50
4380 172.71
4390 346.00
4400 173.29
4410 1218.47
4420 174.85
4430 175.04
4440 350.68
4450 175.63
4460 175.82
4470 528.65
4480 353.40
4490 176.99
4500 177.18
4510 177.38
4520 177.58
4530 355.75
4540 713.84
4550 358.09
4560 358.86
4570 359.65
4580 360.43
4590 180.50
4600 361.60
4610 362.39
4620 181.48
4630 727.88
4640 365.11
4650 182.86
4660 183.04
4670 366.67
4680 183.63
4690 736.47
4700 184.61
4710 369.80
4720 370.58
4730 371.36
4740 185.97
4750 372.52
4760 186.56
4770 186.75
4780 186.95
4790 749.75
4800 564.37
4810 566.12
4820 189.09
4830 189.29
4840 379.16
4850 189.88
4860 190.07
4870 190.27
4880 190.46
4890 190.65
4900 190.85
4910 191.04
4920 382.68
4930 575.49
4940 384.63
4950 192.60
4960 578.99
4970 193.38
4980 581.33
4990 194.17
5000 583.67
