Lap 1
10 0.50
20 0.35
30 0.29
40 0.15
50 0.20
60 0.15
70 0.14
80 0.31
90 1.21
100 2.92
110 0.01
120 1.49
130 10.37
140 0.41
150 9.74
160 0.31
170 8.92
180 0.22
190 5.70
200 0.14
210 5.53
220 0.14
230 5.16
240 0.26
250 1.12
260 2.22
270 4.02
280 2.75
290 7.09
300 0.70
310 20.52
320 25.01
330 6.80
340 22.91
350 8.09
360 8.40
370 8.73
380 9.04
390 19.23
400 9.91
410 21.01
420 34.01
430 11.79
440 51.16
450 41.47
460 44.17
470 30.94
480 48.95
490 51.75
500 17.66
510 36.45
520 76.99
530 19.83
540 61.96
550 21.09
560 65.57
570 22.26
580 45.76
590 95.63
600 49.57
610 76.74
620 25.98
630 26.29
640 26.59
650 54.44
660 27.56
670 27.89
680 28.19
690 116.71
700 29.70
710 29.99
720 30.30
730 30.63
740 126.53
750 98.15
760 33.13
770 33.43
780 33.72
790 138.79
800 71.16
810 35.93
820 73.06
830 112.03
840 37.74
850 76.65
860 77.95
870 39.31
880 79.85
890 40.26
900 40.59
910 40.88
920 82.92
930 41.75
940 42.05
950 128.65
960 43.33
970 132.46
980 44.58
990 136.13
1000 45.77
1010 234.71
1020 95.92
1030 48.30
1040 48.62
1050 148.17
1060 49.78
1070 100.79
1080 50.73
1090 102.71
1100 209.51
1110 106.42
1120 161.99
1130 109.47
1140 55.06
1150 55.40
1160 168.65
1170 113.86
1180 57.23
1190 57.53
1200 57.81
1210 235.35
1220 119.44
1230 60.03
1240 60.37
1250 60.67
1260 184.33
1270 187.05
1280 62.80
1290 190.89
1300 64.06
1310 129.37
1320 64.97
1330 65.27
1340 65.56
1350 65.86
1360 66.18
1370 66.50
1380 66.82
1390 67.15
1400 203.91
1410 68.40
1420 68.70
1430 69.00
1440 350.66
1450 70.83
1460 71.17
1470 143.57
1480 72.11
1490 72.43
1500 72.72
1510 73.01
1520 73.30
1530 73.60
1540 148.44
1550 300.98
1560 306.00
1570 232.53
1580 77.92
1590 78.25
1600 157.74
1610 319.60
1620 80.45
1630 80.76
1640 162.68
1650 163.87
1660 82.26
1670 82.59
1680 82.92
1690 167.07
1700 83.86
1710 254.00
1720 170.71
1730 171.90
1740 173.19
1750 86.93
1760 87.25
1770 264.23
1780 446.56
1790 271.52
1800 274.40
1810 91.91
1820 278.11
1830 186.77
1840 93.69
1850 94.03
1860 94.34
1870 381.43
1880 289.27
1890 96.82
1900 97.10
1910 195.43
1920 196.69
1930 197.97
1940 99.31
1950 99.64
1960 99.95
1970 201.09
1980 100.84
1990 304.88
2000 102.06
2010 102.38
2020 206.03
2030 103.33
2040 417.33
2050 210.29
2060 211.50
2070 212.78
2080 106.72
2090 107.05
2100 107.35
2110 215.96
2120 217.15
2130 218.32
2140 219.56
2150 110.10
2160 110.43
2170 110.73
2180 111.06
2190 111.38
2200 111.69
2210 112.01
2220 112.30
2230 112.59
2240 112.88
2250 113.17
2260 227.59
2270 343.94
2280 115.07
2290 231.41
2300 349.55
2310 116.91
2320 117.18
2330 472.87
2340 118.78
2350 238.83
2360 119.73
2370 240.67
2380 363.36
2390 121.54
2400 244.32
2410 122.50
2420 122.82
2430 123.13
2440 123.44
2450 372.76
2460 375.41
2470 125.56
2480 125.88
2490 126.20
2500 126.53
2510 126.84
2520 127.15
2530 255.54
2540 256.75
2550 128.66
2560 128.94
2570 389.35
2580 392.22
2590 131.16
2600 131.49
2610 131.80
2620 132.10
2630 132.38
2640 132.68
2650 400.47
2660 133.93
2670 134.23
2680 134.57
2690 270.37
2700 408.03
2710 136.41
2720 136.69
2730 274.59
2740 275.87
2750 555.86
2760 139.53
2770 139.83
2780 421.86
2790 141.01
2800 568.13
2810 429.36
2820 287.70
2830 144.14
2840 434.81
2850 145.35
2860 438.56
2870 441.44
2880 295.74
2890 148.15
2900 148.46
2910 298.10
2920 149.37
2930 149.71
2940 150.01
2950 452.57
2960 151.28
2970 303.78
2980 152.17
2990 458.91
3000 307.42
3010 154.03
3020 154.36
3030 465.58
3040 625.10
3050 471.90
3060 316.10
3070 636.32
3080 159.63
3090 481.23
3100 483.97
3110 161.76
3120 162.09
3130 162.40
3140 162.71
3150 163.03
3160 1151.44
3170 664.68
3180 501.75
3190 335.93
3200 168.24
3210 168.55
3220 508.10
3230 169.81
3240 170.13
3250 170.45
3260 170.76
3270 171.06
3280 688.21
3290 345.73
3300 173.19
3310 522.08
3320 174.46
3330 350.18
3340 175.41
3350 175.69
3360 175.99
3370 176.29
3380 1065.73
3390 178.49
3400 537.95
3410 540.62
3420 180.59
3430 180.92
3440 181.23
3450 181.55
3460 181.88
3470 365.00
3480 366.28
3490 551.81
3500 184.32
3510 184.62
3520 556.37
3530 559.25
3540 186.86
3550 939.94
3560 757.38
3570 189.92
3580 763.75
3590 191.47
3600 191.77
3610 770.96
3620 387.23
3630 193.95
3640 389.13
3650 194.88
3660 195.21
3670 981.59
3680 197.02
3690 197.33
3700 594.51
3710 397.82
3720 199.21
3730 199.50
3740 600.89
3750 200.71
3760 402.68
3770 809.49
3780 202.93
3790 611.18
3800 408.83
3810 821.75
3820 826.84
3830 207.25
3840 207.54
3850 207.84
3860 416.86
3870 208.76
3880 209.07
3890 209.41
3900 209.72
3910 420.68
3920 210.67
3930 422.55
3940 1489.11
3950 642.75
3960 429.99
3970 215.28
3980 215.59
3990 432.32
4000 651.02
4010 872.62
4020 438.02
4030 439.21
4040 882.29
4050 442.91
4060 221.78
4070 222.10
4080 445.43
4090 223.03
4100 671.46
4110 224.21
4120 224.53
4130 450.30
4140 451.61
4150 452.86
4160 226.76
4170 682.61
4180 227.92
4190 228.23
4200 228.55
4210 688.16
4220 229.84
4230 230.14
4240 1621.29
4250 232.58
4260 232.90
4270 233.21
4280 233.53
4290 703.07
4300 234.79
4310 470.75
4320 235.67
4330 709.43
4340 236.92
4350 237.23
4360 475.73
4370 716.11
4380 239.10
4390 479.38
4400 239.98
4410 240.30
4420 1207.50
4430 242.23
4440 972.77
4450 488.01
4460 244.33
4470 1227.60
4480 246.22
4490 246.55
4500 246.84
4510 247.12
4520 495.45
4530 248.03
4540 746.59
4550 499.23
4560 249.93
4570 250.26
4580 501.72
4590 1512.95
4600 253.00
4610 253.34
4620 507.91
4630 509.16
4640 510.36
4650 255.46
4660 1025.83
4670 514.68
4680 1033.45
4690 258.90
4700 259.18
4710 259.48
4720 259.77
4730 260.10
4740 260.41
4750 1308.05
4760 262.32
4770 525.83
4780 1320.24
4790 264.75
4800 265.07
4810 265.42
4820 532.02
4830 2679.67
4840 269.40
4850 540.09
4860 270.37
4870 270.65
4880 270.94
4890 271.24
4900 271.52
4910 544.31
4920 545.56
4930 273.13
4940 547.50
4950 274.07
4960 824.60
4970 275.25
4980 275.55
4990 552.35
5000 1108.85

Lap 2
10 1.44
20 0.69
30 0.98
40 0.66
50 0.49
60 1.18
70 0.49
80 0.33
90 0.78
100 1.58
110 0.74
120 1.60
130 10.80
140 0.63
150 8.38
160 0.67
170 8.38
180 0.72
190 6.93
200 0.83
210 6.50
220 0.69
230 5.69
240 0.40
250 0.32
260 0.95
270 5.59
280 2.74
290 7.08
300 19.97
310 5.30
320 18.25
330 13.58
340 22.90
350 8.09
360 8.40
370 27.64
380 41.09
390 10.83
400 11.15
410 35.92
420 25.45
430 13.05
440 13.35
450 13.64
460 28.43
470 29.67
480 47.04
490 16.14
500 16.44
510 16.76
520 34.72
530 54.38
540 18.56
550 38.35
560 39.63
570 83.33
580 21.38
590 21.66
600 21.96
610 22.26
620 45.76
630 23.21
640 72.14
650 24.49
660 50.19
670 51.36
680 25.98
690 80.37
700 27.24
710 55.72
720 115.50
730 29.41
740 29.70
750 30.00
760 30.31
770 61.85
780 193.76
790 33.12
800 101.72
810 34.32
820 34.65
830 70.54
840 71.81
850 36.24
860 111.14
870 113.77
880 38.34
890 77.95
900 39.31
910 39.63
920 39.94
930 122.28
940 41.17
950 254.76
960 43.33
970 87.90
980 134.34
990 45.18
1000 231.57
1010 94.65
1020 144.52
1030 147.29
1040 149.94
1050 101.42
1060 51.04
1070 51.38
1080 51.69
1090 52.00
1100 52.34
1110 321.63
1120 164.83
1130 111.38
1140 458.70
1150 296.64
1160 60.03
1170 60.37
1180 60.67
1190 60.96
1200 123.09
1210 124.28
1220 62.47
1230 126.21
1240 63.43
1250 128.11
1260 194.63
1270 65.26
1280 65.56
1290 65.86
1300 132.98
1310 134.25
1320 67.45
1330 204.85
1340 560.03
1350 71.17
1360 71.48
1370 71.79
1380 291.15
1390 73.28
1400 73.59
1410 148.43
1420 74.54
1430 378.67
1440 76.44
1450 76.74
1460 154.64
1470 234.35
1480 157.74
1490 79.21
1500 811.58
1510 82.58
1520 166.43
1530 83.55
1540 509.14
1550 171.91
1560 86.28
1570 173.85
1580 351.75
1590 88.48
1600 178.15
1610 89.37
1620 179.97
1630 826.53
1640 375.07
1650 94.33
1660 189.93
1670 95.29
1680 191.82
1690 96.23
1700 291.05
1710 97.40
1720 97.73
1730 98.04
1740 98.37
1750 197.98
1760 199.24
1770 402.46
1780 304.88
1790 204.74
1800 102.70
1810 103.02
1820 103.35
1830 207.91
1840 314.26
1850 316.95
1860 427.15
1870 323.62
1880 108.27
1890 108.57
1900 218.32
1910 329.97
1920 221.46
1930 111.06
1940 111.38
1950 111.69
1960 450.68
1970 226.97
1980 113.81
1990 114.12
2000 114.44
2010 114.78
2020 115.08
2030 115.40
2040 115.71
2050 116.03
2060 233.23
2070 470.33
2080 118.15
2090 118.48
2100 477.96
2110 240.66
2120 485.19
2130 244.32
2140 245.62
2150 123.13
2160 872.21
2170 251.73
2180 126.19
2190 126.52
2200 126.85
2210 254.91
2220 127.78
2230 128.07
2240 646.03
2250 260.42
2260 393.16
2270 131.49
2280 396.87
2290 399.55
2300 133.60
2310 133.91
2320 675.58
2330 135.82
2340 409.81
2350 136.98
2360 137.30
2370 275.87
2380 138.26
2390 417.30
2400 420.11
2410 140.42
2420 140.71
2430 141.00
2440 283.29
2450 284.56
2460 1588.54
2470 439.52
2480 294.50
2490 147.58
2500 147.86
2510 148.16
2520 148.45
2530 148.75
2540 149.05
2550 299.37
2560 602.86
2570 151.28
2580 609.04
2590 152.76
2600 306.77
2610 153.72
2620 154.04
2630 464.62
2640 623.92
2650 156.49
2660 629.93
2670 158.06
2680 476.69
2690 159.33
2700 159.62
2710 320.47
2720 321.61
2730 484.92
2740 324.78
2750 162.71
2760 163.03
2770 163.35
2780 163.65
2790 163.94
2800 494.18
2810 165.14
2820 165.46
2830 332.20
2840 333.45
2850 334.73
2860 335.91
2870 168.24
2880 676.94
2890 340.23
2900 341.52
2910 342.76
2920 171.68
2930 344.53
2940 345.73
2950 521.12
2960 348.92
2970 878.18
2980 353.15
2990 176.91
3000 711.66
3010 357.60
3020 719.17
3030 905.81
3040 181.88
3050 182.19
3060 732.84
3070 183.73
3080 738.80
3090 557.33
3100 186.21
3110 373.68
3120 187.17
3130 187.46
3140 564.72
3150 1329.00
3160 190.86
3170 382.95
3180 191.77
3190 384.70
3200 192.67
3210 386.59
3220 193.62
3230 778.57
3240 195.21
3250 195.48
3260 195.78
3270 196.09
3280 393.35
3290 197.01
3300 593.54
3310 198.28
3320 397.82
3330 799.51
3340 602.73
3350 201.34
3360 201.68
3370 607.51
3380 406.46
3390 612.07
3400 204.42
3410 204.72
3420 205.04
3430 824.30
3440 1037.43
3450 416.86
3460 208.76
3470 209.07
3480 209.40
3490 420.06
3500 210.34
3510 633.54
3520 211.56
3530 637.06
3540 426.17
3550 641.81
3560 214.37
3570 429.98
3580 215.29
3590 431.77
3600 432.93
3610 1307.13
3620 218.69
3630 219.00
3640 219.31
3650 660.26
3660 1329.33
3670 445.43
3680 446.64
3690 447.82
3700 224.21
3710 224.53
3720 450.31
3730 451.60
3740 452.86
3750 226.75
3760 227.07
3770 1370.05
3780 458.99
3790 229.83
3800 691.97
3810 694.67
3820 231.94
3830 931.82
3840 233.54
3850 703.09
3860 234.79
3870 235.07
3880 707.59
3890 473.19
3900 236.91
3910 237.24
3920 475.72
3930 238.19
3940 477.61
3950 239.09
3960 239.40
3970 239.68
3980 962.72
3990 483.16
4000 241.89
4010 242.21
4020 242.53
4030 242.82
4040 243.12
4050 243.40
4060 488.01
4070 980.11
4080 245.60
4090 245.92
4100 246.22
4110 246.55
4120 494.28
4130 992.41
4140 248.66
4150 248.98
4160 249.31
4170 499.86
4180 250.26
4190 250.57
4200 502.31
4210 1514.80
4220 253.32
4230 253.65
4240 253.96
4250 509.16
4260 254.87
4270 510.94
4280 512.13
4290 256.39
4300 1029.67
4310 775.46
4320 258.90
4330 259.19
4340 259.47
4350 520.17
4360 521.44
4370 1309.68
4380 525.82
4390 1585.28
4400 530.77
4410 265.71
4420 266.02
4430 266.34
4440 801.39
4450 267.51
4460 267.83
4470 805.97
4480 538.82
4490 540.08
4500 1084.09
4510 271.51
4520 271.84
4530 544.95
4540 546.23
4550 1096.57
4560 549.93
4570 1935.13
4580 1112.62
4590 278.68
4600 278.98
4610 279.27
4620 559.75
4630 842.19
4640 281.15
4650 846.00
4660 282.41
4670 282.71
4680 850.50
4690 283.90
4700 569.08
4710 284.87
4720 857.13
4730 2299.51
4740 1737.70
4750 290.44
4760 290.73
4770 582.66
4780 291.65
4790 291.95
4800 878.38
4810 293.23
4820 1176.95
4830 885.77
4840 295.66
4850 592.57
4860 296.61
4870 296.94
4880 297.25
4890 1193.04
4900 897.79
4910 299.68
4920 600.63
4930 300.66
4940 602.55
4950 301.61
4960 301.90
4970 302.21
4980 302.49
4990 302.78
5000 606.77

Lap 3
10 11.47
20 0.33
30 0.34
40 0.38
50 0.23
60 0.20
70 0.22
80 0.20
90 11.37
100 0.35
110 0.17
120 0.61
130 9.85
140 0.30
150 8.78
160 0.24
170 6.58
180 0.24
190 6.63
200 0.20
210 4.68
220 0.35
230 5.44
240 0.27
250 0.32
260 3.79
270 7.35
280 11.12
290 8.67
300 3.22
310 11.47
320 5.89
330 2.23
340 7.09
350 4.08
360 26.49
370 47.73
380 10.20
390 10.52
400 10.82
410 22.89
420 11.79
430 12.11
440 38.78
450 85.91
460 30.95
470 15.81
480 102.82
490 74.44
500 38.99
510 19.84
520 61.97
530 42.74
540 21.67
550 90.53
560 23.22
570 23.54
580 73.08
590 24.81
600 25.10
610 25.39
620 25.68
630 52.54
640 26.61
650 26.92
660 27.24
670 55.72
680 28.20
690 28.51
700 28.82
710 58.82
720 29.70
730 60.59
740 157.44
750 65.02
760 99.98
770 33.72
780 34.00
790 175.97
800 109.27
810 36.86
820 37.16
830 113.77
840 77.29
850 78.59
860 79.85
870 81.12
880 40.88
890 41.17
900 41.47
910 41.76
920 127.67
930 174.80
940 44.28
950 44.59
960 44.90
970 137.01
980 46.07
990 93.40
1000 47.04
1010 95.31
1020 96.57
1030 48.61
1040 48.91
1050 49.20
1060 49.50
1070 100.18
1080 50.41
1090 50.73
1100 51.05
1110 103.35
1120 104.61
1130 52.63
1140 268.72
1150 54.43
1160 110.10
1170 111.39
1180 56.02
1190 170.50
1200 231.58
1210 117.51
1220 118.80
1230 59.74
1240 120.69
1250 183.45
1260 61.53
1270 124.29
1280 125.56
1290 63.12
1300 256.51
1310 460.76
1320 66.81
1330 67.16
1340 67.46
1350 273.84
1360 68.98
1370 209.33
1380 70.20
1390 70.52
1400 214.09
1410 71.78
1420 144.83
1430 72.71
1440 146.59
1450 73.59
1460 373.90
1470 228.03
1480 76.44
1490 154.06
1500 155.21
1510 314.51
1520 79.21
1530 79.52
1540 79.84
1550 80.16
1560 80.46
1570 407.89
1580 82.26
1590 82.59
1600 82.91
1610 83.24
1620 167.70
1630 168.94
1640 84.76
1650 170.69
1660 171.91
1670 260.42
1680 87.24
1690 87.57
1700 354.23
1710 89.07
1720 89.38
1730 89.69
1740 90.00
1750 181.26
1760 90.96
1770 91.27
1780 369.10
1790 92.80
1800 186.78
1810 282.63
1820 381.42
1830 95.91
1840 96.24
1850 291.05
1860 97.39
1870 97.73
1880 196.70
1890 98.67
1900 298.54
1910 99.95
1920 201.09
1930 611.04
1940 206.01
1950 207.29
1960 418.52
1970 105.14
1980 105.44
1990 105.76
2000 212.79
2010 106.72
2020 107.05
2030 107.36
2040 324.53
2050 217.74
2060 109.15
2070 219.56
2080 220.82
2090 333.79
2100 562.66
2110 113.18
2120 342.02
2130 114.45
2140 114.78
2150 696.63
2160 234.39
2170 235.64
2180 118.15
2190 118.47
2200 118.78
2210 479.21
2220 483.98
2230 121.53
2240 367.12
2250 618.39
2260 124.35
2270 124.64
2280 124.94
2290 125.24
2300 125.56
2310 125.87
2320 380.16
2330 254.91
2340 127.78
2350 385.71
2360 258.50
2370 129.59
2380 260.41
2390 393.17
2400 131.48
2410 131.80
2420 397.76
2430 132.97
2440 133.29
2450 133.61
2460 133.92
2470 269.10
2480 134.88
2490 135.19
2500 408.04
2510 136.40
2520 136.70
2530 136.99
2540 137.30
2550 275.88
2560 277.15
2570 138.90
2580 139.21
2590 139.53
2600 139.83
2610 421.86
2620 424.57
2630 284.56
2640 142.60
2650 142.93
2660 287.09
2670 433.03
2680 144.72
2690 582.93
2700 588.04
2710 147.59
2720 296.32
2730 148.45
2740 148.75
2750 149.08
2760 600.32
2770 150.65
2780 606.62
2790 152.17
2800 458.91
2810 461.75
2820 154.35
2830 621.49
2840 155.90
2850 156.21
2860 156.48
2870 314.18
2880 473.83
2890 158.39
2900 158.69
2910 159.01
2920 159.33
2930 159.62
2940 159.92
2950 1129.73
2960 162.39
2970 489.68
2980 163.65
2990 163.93
3000 329.06
3010 330.26
3020 331.54
3030 332.83
3040 334.09
3050 167.37
3060 167.65
3070 167.96
3080 337.09
3090 168.86
3100 169.17
3110 169.48
3120 169.81
3130 170.12
3140 512.87
3150 171.41
3160 689.36
3170 694.30
3180 348.92
3190 174.78
3200 175.09
3210 351.41
3220 352.56
3230 176.57
3240 176.90
3250 355.04
3260 356.32
3270 357.60
3280 179.12
3290 359.44
3300 180.00
3310 542.41
3320 545.28
3330 365.00
3340 182.86
3350 550.91
3360 738.79
3370 185.26
3380 371.79
3390 186.22
3400 186.53
3410 374.32
3420 752.49
3430 1711.64
3440 191.46
3450 576.77
3460 385.95
3470 193.30
3480 193.62
3490 583.38
3500 194.90
3510 783.47
3520 196.36
3530 196.69
3540 394.62
3550 197.65
3560 197.97
3570 198.28
3580 597.32
3590 199.51
3600 199.80
3610 400.78
3620 200.71
3630 402.68
3640 606.58
3650 202.62
3660 202.93
3670 203.23
3680 203.52
3690 408.23
3700 204.42
3710 410.08
3720 824.30
3730 621.46
3740 415.68
3750 416.87
3760 418.13
3770 209.39
3780 209.72
3790 210.03
3800 210.35
3810 210.67
3820 210.98
3830 423.13
3840 424.30
3850 212.45
3860 426.16
3870 641.82
3880 429.36
3890 214.99
3900 431.16
3910 649.13
3920 216.81
3930 652.92
3940 436.76
3950 218.72
3960 438.62
3970 219.59
3980 661.18
3990 220.83
4000 221.13
4010 888.69
4020 222.73
4030 223.03
4040 1797.18
4050 225.80
4060 679.90
4070 227.06
4080 227.34
4090 227.62
4100 227.93
4110 457.09
4120 688.17
4130 460.27
4140 230.45
4150 230.78
4160 231.06
4170 695.56
4180 232.25
4190 465.76
4200 1170.45
4210 234.78
4220 235.07
4230 235.38
4240 235.66
4250 472.53
4260 236.58
4270 236.91
4280 237.23
4290 237.56
4300 476.35
4310 1436.98
4320 722.44
4330 1940.93
4340 243.70
4350 244.00
4360 489.27
4370 244.96
4380 737.39
4390 987.66
4400 743.79
4410 248.33
4420 248.66
4430 748.52
4440 751.36
4450 250.86
4460 251.15
4470 251.44
4480 756.76
4490 1013.57
4500 253.95
4510 509.17
4520 254.87
4530 255.19
4540 767.89
4550 1544.64
4560 776.38
4570 779.04
4580 260.10
4590 260.43
4600 260.73
4610 1047.02
4620 788.47
4630 1585.28
4640 530.77
4650 265.70
4660 266.02
4670 3489.75
4680 270.35
4690 270.64
4700 814.31
4710 271.83
4720 272.17
4730 545.58
4740 820.94
4750 1098.98
4760 827.25
4770 276.18
4780 276.51
4790 554.28
4800 1112.61
4810 278.68
4820 558.56
4830 559.76
4840 842.18
4850 281.16
4860 281.49
4870 564.21
4880 565.42
4890 566.59
4900 283.59
4910 568.43
4920 569.71
4930 857.13
4940 286.15
4950 286.42
4960 286.71
4970 574.63
4980 287.62
4990 3771.18
5000 291.93

Lap 4
10 0.60
20 0.29
30 0.31
40 0.33
50 0.19
60 0.18
70 0.16
80 0.15
90 0.46
100 2.38
110 1.29
120 0.43
130 0.73
140 0.02
150 10.87
160 0.30
170 9.05
180 0.31
190 8.14
200 0.18
210 7.36
220 0.18
230 4.49
240 0.30
250 0.32
260 0.95
270 3.44
280 2.44
290 3.06
300 21.71
310 10.60
320 11.77
330 6.18
340 13.58
350 14.85
360 7.76
370 8.09
380 8.40
390 8.72
400 49.21
410 21.63
420 11.15
430 11.47
440 11.79
450 12.11
460 25.43
470 13.05
480 27.26
490 13.93
500 75.38
510 15.81
520 67.25
530 35.30
540 55.30
550 18.88
560 19.20
570 19.52
580 19.83
590 20.15
600 62.90
610 21.39
620 21.66
630 44.50
640 45.76
650 23.21
660 72.14
670 24.49
680 24.80
690 50.78
700 51.95
710 26.29
720 26.60
730 82.28
740 27.89
750 56.99
760 28.83
770 88.80
780 29.99
790 155.84
800 31.89
810 98.16
820 33.13
830 67.44
840 103.54
850 70.53
860 35.61
870 35.93
880 36.23
890 111.13
900 75.46
910 38.03
920 38.35
930 77.94
940 119.44
950 81.11
960 40.88
970 41.17
980 41.47
990 41.76
1000 42.05
1010 42.37
1020 85.98
1030 266.12
1040 136.99
1050 46.07
1060 46.39
1070 94.03
1080 47.35
1090 95.93
1100 195.89
1110 49.48
1120 49.78
1130 100.80
1140 153.72
1150 103.97
1160 105.23
1170 52.91
1180 53.21
1190 271.77
1200 223.06
1210 56.33
1220 56.66
1230 56.94
1240 173.15
1250 58.13
1260 58.46
1270 118.16
1280 59.41
1290 59.73
1300 60.04
1310 60.37
1320 60.67
1330 122.50
1340 61.54
1350 61.84
1360 62.16
1370 381.10
1380 194.62
1390 65.25
1400 603.71
1410 206.68
1420 350.62
1430 70.83
1440 71.17
1450 288.68
1460 72.71
1470 73.01
1480 73.30
1490 73.60
1500 223.26
1510 302.24
1520 76.12
1530 76.46
1540 231.65
1550 77.60
1560 235.34
1570 158.39
1580 240.10
1590 161.50
1600 244.58
1610 81.95
1620 331.88
1630 167.70
1640 168.93
1650 514.55
1660 86.60
1670 86.94
1680 529.64
1690 178.74
1700 89.67
1710 90.00
1720 364.07
1730 183.79
1740 92.21
1750 185.60
1760 93.09
1770 93.39
1780 93.69
1790 570.38
1800 95.92
1810 96.24
1820 291.04
1830 195.41
1840 295.67
1850 98.99
1860 400.02
1870 506.85
1880 102.06
1890 102.39
1900 102.70
1910 310.61
1920 418.51
1930 210.88
1940 318.85
1950 214.06
1960 107.35
1970 215.96
1980 108.27
1990 108.58
2000 108.86
2010 109.15
2020 329.96
2030 221.46
2040 111.06
2050 111.38
2060 449.49
2070 226.36
2080 342.01
2090 460.60
2100 232.05
2110 467.92
2120 951.11
2130 120.03
2140 120.34
2150 363.34
2160 243.68
2170 368.08
2180 246.88
2190 248.12
2200 249.29
2210 124.93
2220 125.23
2230 125.55
2240 252.37
2250 381.11
2260 127.45
2270 1032.66
2280 130.21
2290 393.16
2300 263.58
2310 264.77
2320 533.43
2330 268.45
2340 134.56
2350 134.88
2360 135.19
2370 271.62
2380 409.81
2390 136.99
2400 275.23
2410 137.94
2420 416.35
2430 139.22
2440 279.66
2450 140.13
2460 281.43
2470 282.63
2480 426.50
2490 142.60
2500 286.47
2510 432.14
2520 144.44
2530 144.74
2540 582.92
2550 293.24
2560 294.50
2570 592.95
2580 148.74
2590 149.06
2600 449.67
2610 908.20
2620 152.17
2630 612.59
2640 308.06
2650 154.36
2660 309.97
2670 155.30
2680 468.32
2690 313.57
2700 157.09
2710 473.83
2720 158.37
2730 318.02
2740 159.33
2750 159.63
2760 159.91
2770 160.21
2780 321.60
2790 161.13
2800 485.88
2810 162.40
2820 489.70
2830 163.64
2840 163.94
2850 329.05
2860 164.82
2870 165.14
2880 497.95
2890 500.81
2900 167.36
2910 167.67
2920 167.95
2930 337.08
2940 1019.37
2950 170.75
2960 171.06
2970 515.66
2980 345.11
2990 172.87
3000 173.18
3010 347.62
3020 174.16
3030 349.55
3040 175.09
3050 1058.34
3060 177.21
3070 892.05
3080 1080.66
3090 362.44
3100 181.54
3110 181.89
3120 182.19
3130 365.63
3140 366.87
3150 368.06
3160 1112.11
3170 560.19
3180 187.17
3190 752.48
3200 377.90
3210 379.18
3220 189.91
3230 381.10
3240 190.87
3250 382.96
3260 191.76
3270 384.71
3280 385.94
3290 1166.08
3300 587.08
3310 196.08
3320 1184.49
3330 198.27
3340 397.82
3350 1201.22
3360 402.67
3370 201.67
3380 404.59
3390 405.84
3400 407.07
3410 203.82
3420 204.11
3430 204.42
3440 410.07
3450 205.37
3460 205.69
3470 412.66
3480 206.65
3490 206.95
3500 415.08
3510 625.02
3520 208.76
3530 628.79
3540 631.66
3550 422.55
3560 848.91
3570 212.78
3580 213.10
3590 213.42
3600 213.73
3610 214.05
3620 214.38
3630 214.69
3640 430.57
3650 431.75
3660 1303.24
3670 875.09
3680 219.30
3690 439.79
3700 440.98
3710 220.82
3720 664.99
3730 444.81
3740 446.06
3750 447.24
3760 673.23
3770 450.31
3780 225.49
3790 452.23
3800 908.48
3810 455.86
3820 228.23
3830 687.21
3840 229.51
3850 229.83
3860 230.14
3870 461.53
3880 231.06
3890 231.36
3900 463.88
3910 232.25
3920 232.58
3930 934.39
3940 704.04
3950 235.07
3960 471.34
3970 709.43
3980 236.90
3990 237.25
4000 475.74
4010 716.09
4020 239.11
4030 479.37
4040 239.97
4050 481.21
4060 240.94
4070 967.85
4080 972.76
4090 243.70
4100 244.00
4110 734.53
4120 245.27
4130 245.60
4140 245.92
4150 740.22
4160 247.12
4170 495.45
4180 248.03
4190 497.31
4200 248.99
4210 1000.02
4220 1509.28
4230 505.35
4240 760.57
4250 253.95
4260 509.17
4270 254.87
4280 255.17
4290 255.46
4300 1025.81
4310 1030.91
4320 258.30
4330 517.80
4340 259.18
4350 259.48
4360 520.16
4370 521.45
4380 261.05
4390 261.37
4400 261.71
4410 524.62
4420 789.32
4430 263.49
4440 263.80
4450 793.91
4460 796.78
4470 266.01
4480 800.51
4490 535.03
4500 267.82
4510 536.90
4520 538.18
4530 809.78
4540 541.32
4550 1904.79
4560 273.12
4570 273.44
4580 548.12
4590 274.37
4600 549.95
4610 275.25
4620 1104.99
4630 554.28
4640 1112.60
4650 1678.09
4660 280.52
4670 280.85
4680 845.02
4690 564.84
4700 282.70
4710 282.99
4720 283.28
4730 852.33
4740 855.22
4750 1144.78
4760 286.71
4770 574.62
4780 287.61
4790 576.48
4800 867.29
4810 579.68
4820 290.15
4830 290.44
4840 290.73
4850 291.04
4860 583.26
4870 291.96
4880 292.28
4890 879.34
4900 293.54
4910 588.34
4920 294.46
4930 294.76
4940 590.68
4950 295.67
4960 295.97
4970 593.23
4980 296.93
4990 893.32
5000 298.19

Lap 5
10 0.37
20 0.20
30 0.20
40 0.22
50 0.15
60 0.16
70 0.15
80 0.09
90 12.19
100 0.28
110 11.31
120 0.23
130 8.75
140 0.18
150 7.71
160 0.16
170 6.50
180 0.15
190 5.55
200 0.11
210 3.99
220 0.25
230 4.98
240 0.22
250 0.32
260 13.00
270 2.79
280 16.73
290 21.46
300 19.12
310 6.81
320 7.12
330 15.53
340 25.76
350 9.03
360 19.23
370 20.39
380 10.52
390 34.00
400 49.93
410 13.06
420 70.79
430 46.08
440 32.23
450 86.41
460 17.95
470 37.06
480 58.15
490 19.84
500 40.89
510 20.78
520 86.94
530 45.11
540 70.22
550 48.31
560 74.95
570 25.39
580 51.95
590 80.37
600 27.24
610 27.56
620 27.87
630 28.20
640 28.51
650 58.23
660 29.41
670 29.70
680 60.59
690 61.85
700 160.62
710 133.98
720 103.53
730 34.96
740 107.37
750 73.07
760 36.87
770 37.15
780 37.45
790 37.74
800 76.66
810 238.22
820 40.57
830 82.34
840 83.50
850 214.60
860 43.64
870 133.41
880 44.89
890 45.18
900 45.48
910 92.13
920 236.30
930 47.99
940 97.20
950 98.41
960 49.50
970 49.79
980 100.80
990 50.74
1000 51.06
1010 51.38
1020 103.98
1030 105.24
1040 268.70
1050 54.42
1060 165.81
1070 168.64
1080 56.64
1090 56.94
1100 115.04
1110 57.82
1120 116.88
1130 58.77
1140 59.10
1150 59.42
1160 59.73
1170 60.05
1180 121.33
1190 60.95
1200 61.25
1210 61.54
1220 187.06
1230 62.79
1240 126.86
1250 257.74
1260 329.01
1270 133.60
1280 271.34
1290 346.10
1300 140.38
1310 213.11
1320 71.47
1330 71.80
1340 364.73
1350 73.58
1360 73.91
1370 74.23
1380 300.98
1390 152.23
1400 76.43
1410 76.74
1420 232.53
1430 314.50
1440 79.20
1450 159.66
1460 241.94
1470 81.04
1480 81.33
1490 246.43
1500 82.58
1510 82.92
1520 167.08
1530 83.85
1540 168.95
1550 170.11
1560 85.35
1570 171.93
1580 86.29
1590 437.43
1600 88.19
1610 356.60
1620 89.69
1630 180.60
1640 181.88
1650 275.34
1660 92.22
1670 92.51
1680 92.81
1690 186.77
1700 93.68
1710 188.65
1720 477.63
1730 96.23
1740 291.04
1750 97.39
1760 294.71
1770 197.98
1780 199.23
1790 200.49
1800 100.54
1810 303.96
1820 101.75
1830 102.06
1840 102.38
1850 102.70
1860 103.02
1870 103.35
1880 103.65
1890 313.38
1900 104.84
1910 210.88
1920 212.14
1930 753.25
1940 436.96
1950 109.79
1960 220.82
1970 110.75
1980 111.06
1990 223.37
2000 112.03
2010 225.20
2020 112.89
2030 113.17
2040 227.59
2050 114.13
2060 114.44
2070 230.16
2080 231.41
2090 116.02
2100 116.33
2110 116.60
2120 116.90
2130 117.20
2140 117.50
2150 236.28
2160 476.69
2170 360.71
2180 120.62
2190 242.43
2200 243.68
2210 244.98
2220 122.82
2230 123.13
2240 123.45
2250 372.77
2260 124.64
2270 250.47
2280 251.73
2290 380.14
2300 127.16
2310 383.92
2320 128.37
2330 257.91
2340 129.26
2350 259.78
2360 655.47
2370 396.88
2380 132.68
2390 132.97
2400 267.20
2410 268.46
2420 134.56
2430 134.88
2440 135.18
2450 135.51
2460 272.24
2470 273.39
2480 550.74
2490 277.15
2500 138.90
2510 139.22
2520 420.09
2530 281.44
2540 141.00
2550 1430.24
2560 144.43
2570 144.72
2580 145.03
2590 145.35
2600 145.68
2610 439.53
2620 294.50
2630 592.96
2640 447.78
2650 149.69
2660 451.59
2670 150.97
2680 151.28
2690 151.59
2700 151.89
2710 152.18
2720 305.54
2730 460.78
2740 154.04
2750 154.36
2760 154.67
2770 466.51
2780 626.26
2790 157.10
2800 157.42
2810 633.76
2820 318.64
2830 963.70
2840 161.44
2850 324.15
2860 488.75
2870 327.28
2880 658.43
2890 496.98
2900 166.10
2910 166.42
2920 166.73
2930 167.06
2940 167.37
2950 504.47
2960 168.54
2970 338.31
2980 339.59
2990 170.12
3000 170.46
3010 170.76
3020 171.07
3030 343.39
3040 344.53
3050 172.55
3060 172.88
3070 173.20
3080 347.64
3090 348.92
3100 174.78
3110 1056.55
3120 354.41
3130 177.53
3140 177.85
3150 1255.54
3160 180.28
3170 361.81
3180 181.24
3190 181.55
3200 364.37
3210 365.64
3220 183.14
3230 183.45
3240 552.68
3250 184.62
3260 370.51
3270 185.58
3280 185.91
3290 560.19
3300 187.16
3310 187.45
3320 187.75
3330 188.04
3340 188.34
3350 188.65
3360 568.46
3370 189.92
3380 190.24
3390 190.55
3400 190.87
3410 191.20
3420 575.90
3430 385.31
3440 192.98
3450 387.24
3460 388.52
3470 585.27
3480 195.49
3490 392.16
3500 196.37
3510 196.68
3520 394.63
3530 197.65
3540 197.98
3550 198.28
3560 198.59
3570 198.90
3580 399.03
3590 199.81
3600 200.09
3610 200.39
3620 402.04
3630 201.36
3640 809.49
3650 406.48
3660 407.64
3670 408.82
3680 410.09
3690 205.39
3700 205.70
3710 206.01
3720 206.34
3730 206.64
3740 414.50
3750 207.55
3760 416.26
3770 417.50
3780 418.79
3790 420.05
3800 1056.03
3810 424.29
3820 212.46
3830 426.17
3840 213.41
3850 213.75
3860 428.73
3870 214.68
3880 430.58
3890 215.57
3900 215.87
3910 216.16
3920 216.48
3930 434.22
3940 435.51
3950 436.76
3960 218.71
3970 878.68
3980 220.18
3990 441.64
4000 221.13
4010 443.55
4020 222.09
4030 222.43
4040 222.72
4050 223.02
4060 671.44
4070 224.20
4080 224.53
4090 224.86
4100 450.96
4110 1133.34
4120 683.49
4130 2067.96
4140 231.06
4150 463.31
4160 231.94
4170 1165.67
4180 233.84
4190 704.03
4200 235.10
4210 707.60
4220 473.17
4230 236.91
4240 475.11
4250 237.87
4260 716.10
4270 239.10
4280 239.39
4290 1686.16
4300 1945.76
4310 244.31
4320 489.92
4330 245.28
4340 738.35
4350 246.55
4360 246.83
4370 247.13
4380 247.42
4390 247.71
4400 248.03
4410 248.36
4420 997.48
4430 249.94
4440 1003.73
4450 251.43
4460 251.73
4470 252.04
4480 1012.29
4490 253.64
4500 253.96
4510 1019.82
4520 255.44
4530 1025.83
4540 257.03
4550 515.33
4560 516.59
4570 258.59
4580 258.89
4590 259.19
4600 1301.68
4610 261.06
4620 261.38
4630 523.99
4640 262.32
4650 262.62
4660 1318.73
4670 794.86
4680 1064.38
4690 1069.20
4700 1613.22
4710 269.72
4720 1082.93
4730 543.06
4740 544.32
4750 272.47
4760 546.23
4770 273.44
4780 548.11
4790 274.38
4800 825.49
4810 551.71
4820 1107.56
4830 277.45
4840 277.77
4850 278.09
4860 1116.24
4870 279.55
4880 279.89
4890 842.19
4900 281.16
4910 281.49
4920 564.22
4930 565.41
4940 566.59
4950 283.60
4960 853.29
4970 284.87
4980 285.19
4990 285.50
5000 572.24

Lap 6
10 0.68
20 0.35
30 0.45
40 0.48
50 0.34
60 0.30
70 0.13
80 0.74
90 10.46
100 1.54
110 0.47
120 1.19
130 0.37
140 0.48
150 0.01
160 0.39
170 7.68
180 0.48
190 6.62
200 0.25
210 6.58
220 0.17
230 4.49
240 0.59
250 3.94
260 0.96
270 1.26
280 1.86
290 5.18
300 15.45
310 4.37
320 3.21
330 11.47
340 5.89
350 2.23
360 14.49
370 50.84
380 9.33
390 41.09
400 34.01
410 11.80
420 24.82
430 12.74
440 13.05
450 27.26
460 13.93
470 14.22
480 29.67
490 30.94
500 15.82
510 49.90
520 70.86
530 18.24
540 37.71
550 59.12
560 20.14
570 20.47
580 20.78
590 64.69
600 21.95
610 22.26
620 22.59
630 22.90
640 23.22
650 47.68
660 24.17
670 24.49
680 75.86
690 25.69
700 25.98
710 53.16
720 110.45
730 145.17
740 59.97
750 123.98
760 162.20
770 169.75
780 105.44
790 35.61
800 35.92
810 147.66
820 113.76
830 38.34
840 77.93
850 39.31
860 39.63
870 39.96
880 40.26
890 81.73
900 82.93
910 41.76
920 170.97
930 43.32
940 43.66
950 43.97
960 179.81
970 137.88
980 93.37
990 47.06
1000 47.37
1010 95.94
1020 48.29
1030 97.81
1040 49.20
1050 99.56
1060 50.10
1070 50.42
1080 258.00
1090 158.46
1100 53.21
1110 107.59
1120 108.83
1130 54.74
1140 55.07
1150 55.39
1160 112.02
1170 56.34
1180 171.40
1190 57.52
1200 174.98
1210 58.77
1220 59.10
1230 362.64
1240 123.08
1250 377.26
1260 63.74
1270 64.07
1280 194.61
1290 65.26
1300 264.96
1310 66.82
1320 67.14
1330 135.53
1340 205.77
1350 68.99
1360 69.29
1370 210.24
1380 141.65
1390 71.16
1400 71.48
1410 71.80
1420 144.83
1430 72.71
1440 294.68
1450 149.05
1460 302.24
1470 76.12
1480 76.44
1490 76.73
1500 310.75
1510 157.09
1520 78.90
1530 79.21
1540 79.52
1550 160.29
1560 80.46
1570 80.75
1580 162.69
1590 246.43
1600 82.58
1610 82.92
1620 83.24
1630 83.54
1640 168.34
1650 84.47
1660 84.76
1670 85.06
1680 85.36
1690 85.66
1700 85.98
1710 173.20
1720 86.93
1730 263.29
1740 88.18
1750 88.50
1760 178.16
1770 89.35
1780 89.69
1790 89.99
1800 90.32
1810 181.88
1820 183.15
1830 91.90
1840 371.50
1850 93.37
1860 93.70
1870 283.59
1880 94.98
1890 95.29
1900 191.83
1910 96.22
1920 96.53
1930 96.83
1940 292.81
1950 196.69
1960 598.31
1970 506.84
1980 204.73
1990 309.65
2000 103.64
2010 208.54
2020 209.70
2030 105.14
2040 105.45
2050 105.76
2060 106.09
2070 106.40
2080 106.73
2090 214.69
2100 324.53
2110 327.18
2120 109.48
2130 109.78
2140 110.10
2150 221.48
2160 111.06
2170 223.37
2180 337.49
2190 112.88
2200 226.97
2210 228.22
2220 114.44
2230 694.79
2240 351.30
2250 117.52
2260 474.14
2270 119.10
2280 119.43
2290 481.62
2300 242.42
2310 366.16
2320 122.49
2330 867.99
2340 124.94
2350 251.10
2360 125.87
2370 253.03
2380 126.84
2390 254.91
2400 127.78
2410 385.69
2420 258.52
2430 129.58
2440 129.90
2450 261.06
2460 130.85
2470 395.06
2480 132.10
2490 265.36
2500 132.97
2510 267.18
2520 268.46
2530 269.74
2540 135.19
2550 135.51
2560 135.82
2570 272.81
2580 136.69
2590 136.98
2600 413.47
2610 138.26
2620 417.29
2630 701.81
2640 282.63
2650 141.64
2660 141.97
2670 142.29
2680 429.38
2690 143.56
2700 288.29
2710 289.47
2720 582.94
2730 146.31
2740 146.63
2750 146.94
2760 147.25
2770 295.75
2780 148.18
2790 148.46
2800 298.09
2810 149.38
2820 149.70
2830 300.65
2840 150.64
2850 302.55
2860 456.28
2870 152.46
2880 152.76
2890 1080.03
2900 311.20
2910 155.91
2920 156.19
2930 156.50
2940 156.78
2950 472.85
2960 158.06
2970 476.70
2980 479.50
2990 321.02
3000 160.80
3010 973.03
3020 163.03
3030 327.30
3040 163.94
3050 164.23
3060 164.52
3070 330.28
3080 165.46
3090 1000.99
3100 167.65
3110 167.95
3120 337.08
3130 168.87
3140 338.94
3150 169.80
3160 340.89
3170 170.75
3180 342.76
3190 343.96
3200 172.26
3210 345.72
3220 347.01
3230 173.83
3240 524.00
3250 175.13
3260 175.41
3270 175.70
3280 175.99
3290 530.34
3300 177.22
3310 177.53
3320 177.86
3330 178.17
3340 357.59
3350 179.12
3360 359.43
3370 180.01
3380 361.19
3390 544.31
3400 181.87
3410 182.20
3420 365.64
3430 183.15
3440 183.44
3450 368.06
3460 369.24
3470 184.94
3480 185.25
3490 185.57
3500 1309.66
3510 188.03
3520 377.29
3530 188.96
3540 189.29
3550 379.83
3560 381.08
3570 190.87
3580 382.97
3590 384.11
3600 192.35
3610 385.95
3620 1166.09
3630 195.19
3640 981.61
3650 394.64
3660 1192.11
3670 399.60
3680 200.10
3690 401.39
3700 201.03
3710 201.35
3720 201.67
3730 201.99
3740 405.23
3750 202.94
3760 407.05
3770 203.82
3780 204.12
3790 204.42
3800 204.73
3810 205.06
3820 617.68
3830 1035.92
3840 416.24
3850 208.43
3860 418.14
3870 209.38
3880 209.72
3890 210.03
3900 210.35
3910 421.93
3920 211.28
3930 423.72
3940 637.98
3950 213.09
3960 213.42
3970 213.74
3980 214.05
3990 214.37
4000 214.68
4010 215.00
4020 215.29
4030 431.76
4040 216.16
4050 216.48
4060 216.80
4070 434.87
4080 436.14
4090 1316.39
4100 662.10
4110 1333.17
4120 670.55
4130 223.90
4140 449.05
4150 676.11
4160 452.23
4170 226.43
4180 681.74
4190 455.85
4200 228.24
4210 457.73
4220 459.00
4230 460.27
4240 692.90
4250 463.30
4260 930.55
4270 467.04
4280 233.86
4290 234.18
4300 234.47
4310 705.85
4320 471.92
4330 710.38
4340 237.23
4350 475.72
4360 476.98
4370 717.90
4380 479.96
4390 481.23
4400 240.93
4410 241.26
4420 726.30
4430 242.53
4440 729.95
4450 732.62
4460 489.90
4470 245.29
4480 245.59
4490 245.92
4500 246.23
4510 988.83
4520 247.72
4530 248.03
4540 497.31
4550 748.51
4560 249.94
4570 752.30
4580 502.89
4590 251.72
4600 252.06
4610 252.37
4620 505.98
4630 253.32
4640 253.65
4650 508.54
4660 509.76
4670 766.98
4680 512.77
4690 514.04
4700 515.32
4710 257.98
4720 258.28
4730 258.61
4740 258.88
4750 259.19
4760 519.54
4770 260.10
4780 260.42
4790 260.74
4800 261.05
4810 523.35
4820 524.64
4830 262.62
4840 262.91
4850 263.20
4860 263.49
4870 263.80
4880 264.12
4890 264.45
4900 264.76
4910 265.07
4920 1598.54
4930 267.22
4940 535.63
4950 536.89
4960 538.19
4970 1622.64
4980 815.19
4990 544.97
5000 546.23

Lap 7
10 0.68
20 0.35
30 0.45
40 0.48
50 0.34
60 0.30
70 0.13
80 0.74
90 10.46
100 1.54
110 0.47
120 1.19
130 0.37
140 0.48
150 0.01
160 0.39
170 7.68
180 0.48
190 6.62
200 0.25
210 6.58
220 0.17
230 4.49
240 0.59
250 3.94
260 0.96
270 1.26
280 1.86
290 5.18
300 15.45
310 4.37
320 3.21
330 11.47
340 5.89
350 2.23
360 14.49
370 50.84
380 9.33
390 41.09
400 34.01
410 11.80
420 24.82
430 12.74
440 13.05
450 27.26
460 13.93
470 14.22
480 29.67
490 30.94
500 15.82
510 49.90
520 70.86
530 18.24
540 37.71
550 59.12
560 20.14
570 20.47
580 20.78
590 64.69
600 21.95
610 22.26
620 22.59
630 22.90
640 23.22
650 47.68
660 24.17
670 24.49
680 75.86
690 25.69
700 25.98
710 53.16
720 110.45
730 145.17
740 59.97
750 123.98
760 162.20
770 169.75
780 105.44
790 35.61
800 35.92
810 147.66
820 113.76
830 38.34
840 77.93
850 39.31
860 39.63
870 39.96
880 40.26
890 81.73
900 82.93
910 41.76
920 170.97
930 43.32
940 43.66
950 43.97
960 179.81
970 137.88
980 93.37
990 47.06
1000 47.37
1010 95.94
1020 48.29
1030 97.81
1040 49.20
1050 99.56
1060 50.10
1070 50.42
1080 258.00
1090 158.46
1100 53.21
1110 107.59
1120 108.83
1130 54.74
1140 55.07
1150 55.39
1160 112.02
1170 56.34
1180 171.40
1190 57.52
1200 174.98
1210 58.77
1220 59.10
1230 362.64
1240 123.08
1250 377.26
1260 63.74
1270 64.07
1280 194.61
1290 65.26
1300 264.96
1310 66.82
1320 67.14
1330 135.53
1340 205.77
1350 68.99
1360 69.29
1370 210.24
1380 141.65
1390 71.16
1400 71.48
1410 71.80
1420 144.83
1430 72.71
1440 294.68
1450 149.05
1460 302.24
1470 76.12
1480 76.44
1490 76.73
1500 310.75
1510 157.09
1520 78.90
1530 79.21
1540 79.52
1550 160.29
1560 80.46
1570 80.75
1580 162.69
1590 246.43
1600 82.58
1610 82.92
1620 83.24
1630 83.54
1640 168.34
1650 84.47
1660 84.76
1670 85.06
1680 85.36
1690 85.66
1700 85.98
1710 173.20
1720 86.93
1730 263.29
1740 88.18
1750 88.50
1760 178.16
1770 89.35
1780 89.69
1790 89.99
1800 90.32
1810 181.88
1820 183.15
1830 91.90
1840 371.50
1850 93.37
1860 93.70
1870 283.59
1880 94.98
1890 95.29
1900 191.83
1910 96.22
1920 96.53
1930 96.83
1940 292.81
1950 196.69
1960 598.31
1970 506.84
1980 204.73
1990 309.65
2000 103.64
2010 208.54
2020 209.70
2030 105.14
2040 105.45
2050 105.76
2060 106.09
2070 106.40
2080 106.73
2090 214.69
2100 324.53
2110 327.18
2120 109.48
2130 109.78
2140 110.10
2150 221.48
2160 111.06
2170 223.37
2180 337.49
2190 112.88
2200 226.97
2210 228.22
2220 114.44
2230 694.79
2240 351.30
2250 117.52
2260 474.14
2270 119.10
2280 119.43
2290 481.62
2300 242.42
2310 366.16
2320 122.49
2330 867.99
2340 124.94
2350 251.10
2360 125.87
2370 253.03
2380 126.84
2390 254.91
2400 127.78
2410 385.69
2420 258.52
2430 129.58
2440 129.90
2450 261.06
2460 130.85
2470 395.06
2480 132.10
2490 265.36
2500 132.97
2510 267.18
2520 268.46
2530 269.74
2540 135.19
2550 135.51
2560 135.82
2570 272.81
2580 136.69
2590 136.98
2600 413.47
2610 138.26
2620 417.29
2630 701.81
2640 282.63
2650 141.64
2660 141.97
2670 142.29
2680 429.38
2690 143.56
2700 288.29
2710 289.47
2720 582.94
2730 146.31
2740 146.63
2750 146.94
2760 147.25
2770 295.75
2780 148.18
2790 148.46
2800 298.09
2810 149.38
2820 149.70
2830 300.65
2840 150.64
2850 302.55
2860 456.28
2870 152.46
2880 152.76
2890 1080.03
2900 311.20
2910 155.91
2920 156.19
2930 156.50
2940 156.78
2950 472.85
2960 158.06
2970 476.70
2980 479.50
2990 321.02
3000 160.80
3010 973.03
3020 163.03
3030 327.30
3040 163.94
3050 164.23
3060 164.52
3070 330.28
3080 165.46
3090 1000.99
3100 167.65
3110 167.95
3120 337.08
3130 168.87
3140 338.94
3150 169.80
3160 340.89
3170 170.75
3180 342.76
3190 343.96
3200 172.26
3210 345.72
3220 347.01
3230 173.83
3240 524.00
3250 175.13
3260 175.41
3270 175.70
3280 175.99
3290 530.34
3300 177.22
3310 177.53
3320 177.86
3330 178.17
3340 357.59
3350 179.12
3360 359.43
3370 180.01
3380 361.19
3390 544.31
3400 181.87
3410 182.20
3420 365.64
3430 183.15
3440 183.44
3450 368.06
3460 369.24
3470 184.94
3480 185.25
3490 185.57
3500 1309.66
3510 188.03
3520 377.29
3530 188.96
3540 189.29
3550 379.83
3560 381.08
3570 190.87
3580 382.97
3590 384.11
3600 192.35
3610 385.95
3620 1166.09
3630 195.19
3640 981.61
3650 394.64
3660 1192.11
3670 399.60
3680 200.10
3690 401.39
3700 201.03
3710 201.35
3720 201.67
3730 201.99
3740 405.23
3750 202.94
3760 407.05
3770 203.82
3780 204.12
3790 204.42
3800 204.73
3810 205.06
3820 617.68
3830 1035.92
3840 416.24
3850 208.43
3860 418.14
3870 209.38
3880 209.72
3890 210.03
3900 210.35
3910 421.93
3920 211.28
3930 423.72
3940 637.98
3950 213.09
3960 213.42
3970 213.74
3980 214.05
3990 214.37
4000 214.68
4010 215.00
4020 215.29
4030 431.76
4040 216.16
4050 216.48
4060 216.80
4070 434.87
4080 436.14
4090 1316.39
4100 662.10
4110 1333.17
4120 670.55
4130 223.90
4140 449.05
4150 676.11
4160 452.23
4170 226.43
4180 681.74
4190 455.85
4200 228.24
4210 457.73
4220 459.00
4230 460.27
4240 692.90
4250 463.30
4260 930.55
4270 467.04
4280 233.86
4290 234.18
4300 234.47
4310 705.85
4320 471.92
4330 710.38
4340 237.23
4350 475.72
4360 476.98
4370 717.90
4380 479.96
4390 481.23
4400 240.93
4410 241.26
4420 726.30
4430 242.53
4440 729.95
4450 732.62
4460 489.90
4470 245.29
4480 245.59
4490 245.92
4500 246.23
4510 988.83
4520 247.72
4530 248.03
4540 497.31
4550 748.51
4560 249.94
4570 752.30
4580 502.89
4590 251.72
4600 252.06
4610 252.37
4620 505.98
4630 253.32
4640 253.65
4650 508.54
4660 509.76
4670 766.98
4680 512.77
4690 514.04
4700 515.32
4710 257.98
4720 258.28
4730 258.61
4740 258.88
4750 259.19
4760 519.54
4770 260.10
4780 260.42
4790 260.74
4800 261.05
4810 523.35
4820 524.64
4830 262.62
4840 262.91
4850 263.20
4860 263.49
4870 263.80
4880 264.12
4890 264.45
4900 264.76
4910 265.07
4920 1598.54
4930 267.22
4940 535.63
4950 536.89
4960 538.19
4970 1622.64
4980 815.19
4990 544.97
5000 546.23

Lap 8
10 0.55
20 11.99
30 0.45
40 0.36
50 0.37
60 0.17
70 0.23
80 0.20
90 0.12
100 11.63
110 0.38
120 7.37
130 0.31
140 6.95
150 0.33
160 8.14
170 0.22
180 5.11
190 0.17
200 5.01
210 0.63
220 5.54
230 0.35
240 3.41
250 0.26
260 0.32
270 5.65
280 2.45
290 3.06
300 3.70
310 4.34
320 10.26
330 4.39
340 6.18
350 39.26
360 8.09
370 8.41
380 8.71
390 9.04
400 19.24
410 9.91
420 10.20
430 10.52
440 46.08
450 12.11
460 25.44
470 13.05
480 13.35
490 13.63
500 28.43
510 14.53
520 95.30
530 34.11
540 35.30
550 17.94
560 37.07
570 18.88
580 100.29
590 42.14
600 43.33
610 21.97
620 22.25
630 22.58
640 46.40
650 23.55
660 23.86
670 74.03
680 25.11
690 77.62
700 107.87
710 27.58
720 27.87
730 28.19
740 176.97
750 92.43
760 31.25
770 31.59
780 64.40
790 32.54
800 32.84
810 33.14
820 33.43
830 102.62
840 69.88
850 143.90
860 73.69
870 37.15
880 152.40
890 77.93
900 79.22
910 39.95
920 163.73
930 83.48
940 42.06
950 42.37
960 42.69
970 86.63
980 132.46
990 89.77
1000 45.19
1010 45.48
1020 45.76
1030 46.07
1040 93.38
1050 94.67
1060 47.67
1070 244.14
1080 149.94
1090 50.40
1100 50.73
1110 154.69
1120 51.99
1130 52.32
1140 52.63
1150 52.93
1160 270.22
1170 54.75
1180 55.07
1190 55.39
1200 112.02
1210 113.28
1220 56.94
1230 173.15
1240 116.87
1250 177.86
1260 302.91
1270 61.24
1280 61.54
1290 61.84
1300 62.16
1310 188.97
1320 63.42
1330 128.12
1340 194.61
1350 65.25
1360 65.57
1370 199.12
1380 66.83
1390 687.92
1400 70.19
1410 70.53
1420 214.07
1430 71.79
1440 72.11
1450 72.42
1460 219.62
1470 73.58
1480 73.91
1490 74.23
1500 74.54
1510 843.47
1520 78.24
1530 78.56
1540 158.40
1550 483.24
1560 81.32
1570 81.63
1580 81.95
1590 165.15
1600 674.07
1610 257.56
1620 86.28
1630 173.83
1640 87.25
1650 87.57
1660 87.89
1670 88.20
1680 88.49
1690 178.15
1700 89.36
1710 179.97
1720 90.32
1730 90.63
1740 90.96
1750 367.86
1760 466.65
1770 94.01
1780 94.35
1790 189.93
1800 191.19
1810 95.92
1820 485.26
1830 97.71
1840 98.05
1850 98.37
1860 297.60
1870 99.63
1880 605.60
1890 204.09
1900 308.69
1910 103.33
1920 103.65
1930 208.52
1940 104.56
1950 104.85
1960 105.13
1970 424.59
1980 864.58
1990 329.00
2000 554.92
2010 336.58
2020 567.14
2030 228.87
2040 114.77
2050 230.79
2060 115.71
2070 584.22
2080 354.09
2090 356.98
2100 239.45
2110 120.05
2120 120.33
2130 120.63
2140 242.42
2150 366.16
2160 122.49
2170 122.81
2180 123.13
2190 123.44
2200 248.12
2210 124.37
2220 375.40
2230 125.55
2240 252.37
2250 508.86
2260 127.79
2270 128.07
2280 128.37
2290 257.91
2300 129.26
2310 129.58
2320 391.26
2330 130.85
2340 262.96
2350 264.19
2360 132.38
2370 132.67
2380 132.97
2390 133.29
2400 402.35
2410 405.24
2420 135.51
2430 545.93
2440 136.98
2450 137.31
2460 137.62
2470 137.94
2480 138.27
2490 138.59
2500 278.42
2510 139.53
2520 139.84
2530 280.84
2540 423.64
2550 283.91
2560 142.29
2570 285.83
2580 143.24
2590 432.15
2600 144.43
2610 144.73
2620 145.03
2630 731.14
2640 442.37
2650 147.87
2660 148.16
2670 148.46
2680 148.74
2690 448.72
2700 300.65
2710 150.65
2720 454.46
2730 151.88
2740 304.94
2750 306.13
2760 153.41
2770 153.71
2780 774.55
2790 468.31
2800 156.49
2810 156.77
2820 314.81
2830 316.08
2840 158.40
2850 158.70
2860 478.56
2870 159.92
2880 160.21
2890 321.59
2900 484.94
2910 324.78
2920 489.69
2930 163.65
2940 328.46
2950 660.85
2960 165.78
2970 499.86
2980 334.71
2990 842.45
3000 509.05
3010 511.93
3020 687.01
3030 345.12
3040 346.35
3050 173.51
3060 173.83
3070 174.15
3080 349.55
3090 175.09
3100 175.41
3110 175.70
3120 352.57
3130 709.10
3140 177.86
3150 178.17
3160 716.73
3170 179.71
3180 360.61
3190 361.81
3200 1277.17
3210 367.47
3220 184.02
3230 925.92
3240 185.89
3250 935.42
3260 187.74
3270 188.03
3280 756.14
3290 761.21
3300 382.36
3310 383.54
3320 192.05
3330 385.32
3340 192.98
3350 193.29
3360 193.62
3370 193.95
3380 194.25
3390 194.58
3400 194.89
3410 390.99
3420 392.17
3430 196.37
3440 1385.31
3450 798.35
3460 200.09
3470 200.38
3480 200.71
3490 402.68
3500 606.57
3510 202.61
3520 814.41
3530 408.83
3540 615.74
3550 412.01
3560 413.27
3570 206.96
3580 415.11
3590 207.83
3600 208.13
3610 417.50
3620 209.08
3630 419.41
3640 210.03
3650 632.59
3660 847.73
3670 638.92
3680 213.41
3690 642.76
3700 861.45
3710 432.32
3720 433.58
3730 217.12
3740 217.46
3750 654.83
3760 877.50
3770 219.90
3780 220.18
3790 220.51
3800 442.26
3810 221.47
3820 221.78
3830 222.09
3840 222.42
3850 222.74
3860 223.02
3870 671.45
3880 449.04
3890 224.85
3900 1357.28
3910 227.04
3920 227.34
3930 913.25
3940 918.29
3950 460.91
3960 230.77
3970 231.07
3980 231.35
3990 231.65
4000 464.49
4010 232.56
4020 1168.85
4030 704.94
4040 471.33
4050 946.65
4060 951.74
4070 477.62
4080 239.10
4090 239.39
4100 720.56
4110 240.62
4120 482.49
4130 241.59
4140 241.90
4150 242.21
4160 729.06
4170 243.41
4180 488.01
4190 244.32
4200 735.48
4210 245.59
4220 986.43
4230 494.85
4240 496.05
4250 746.58
4260 249.29
4270 499.86
4280 501.12
4290 250.86
4300 251.14
4310 251.43
4320 251.74
4330 757.68
4340 760.58
4350 1274.06
4360 511.51
4370 256.07
4380 256.41
4390 256.70
4400 257.04
4410 257.35
4420 257.67
4430 257.99
4440 258.29
4450 258.60
4460 518.37
4470 519.54
4480 260.08
4490 521.46
4500 261.07
4510 785.66
4520 262.32
4530 525.82
4540 263.20
4550 1587.17
4560 265.39
4570 532.03
4580 533.29
4590 534.44
4600 535.63
4610 268.14
4620 268.46
4630 268.78
4640 269.10
4650 539.45
4660 811.66
4670 270.94
4680 271.24
4690 543.66
4700 272.17
4710 272.49
4720 272.80
4730 546.87
4740 273.75
4750 1098.96
4760 275.24
4770 828.19
4780 276.50
4790 276.82
4800 554.90
4810 277.78
4820 278.09
4830 1676.29
4840 280.20
4850 561.67
4860 281.17
4870 563.57
4880 847.83
4890 283.01
4900 283.28
4910 283.88
4920 283.91
4930 284.22
4940 284.54
4950 570.37
4960 571.62
4970 859.88
4980 574.62
4990 287.61
5000 2605.23

Lap 9
10 1.60
20 0.32
30 0.29
40 0.26
50 0.16
60 0.19
70 0.12
80 0.13
90 1.14
100 1.44
110 0.55
120 2.23
130 0.35
140 0.41
150 0.26
160 0.21
170 8.69
180 0.40
190 8.52
200 0.32
210 6.61
220 0.26
230 7.31
240 0.95
250 12.05
260 2.79
270 12.08
280 4.38
290 5.29
300 12.51
310 6.19
320 3.87
330 7.95
340 21.67
350 8.40
360 8.73
370 18.64
380 19.80
390 10.20
400 21.63
410 11.14
420 11.47
430 11.79
440 12.11
450 52.40
460 27.84
470 14.22
480 14.53
490 30.31
500 15.49
510 15.81
520 16.13
530 86.41
540 17.95
550 37.07
560 18.87
570 100.31
580 42.14
590 21.37
600 89.31
610 22.89
620 23.22
630 23.54
640 48.31
650 24.49
660 24.80
670 103.00
680 80.37
690 27.24
700 27.56
710 27.87
720 28.20
730 28.51
740 178.77
750 30.62
760 30.94
770 31.26
780 96.26
790 99.08
800 171.27
810 34.96
820 107.38
830 36.23
840 73.70
850 37.16
860 152.41
870 117.53
880 39.62
890 39.94
900 81.12
910 40.88
920 41.17
930 83.50
940 84.71
950 85.97
960 43.34
970 43.65
980 88.54
990 44.59
1000 44.90
1010 137.01
1020 46.06
1030 46.39
1040 94.03
1050 95.31
1060 96.57
1070 48.62
1080 98.39
1090 99.56
1100 100.79
1110 102.06
1120 103.35
1130 52.00
1140 52.33
1150 52.64
1160 52.92
1170 107.02
1180 53.79
1190 54.11
1200 54.44
1210 54.75
1220 110.78
1230 340.33
1240 232.80
1250 58.76
1260 59.10
1270 59.42
1280 59.72
1290 181.67
1300 60.95
1310 185.21
1320 315.15
1330 128.10
1340 64.38
1350 129.96
1360 65.26
1370 65.56
1380 65.86
1390 66.19
1400 473.94
1410 68.70
1420 208.44
1430 69.87
1440 70.23
1450 70.52
1460 70.85
1470 142.94
1480 144.19
1490 145.43
1500 146.58
1510 222.31
1520 74.54
1530 687.36
1540 155.81
1550 157.11
1560 78.88
1570 319.61
1580 161.50
1590 575.47
1600 167.06
1610 168.33
1620 84.47
1630 1218.63
1640 89.06
1650 89.37
1660 89.69
1670 271.52
1680 182.53
1690 91.58
1700 370.32
1710 93.08
1720 281.69
1730 94.32
1740 94.66
1750 382.68
1760 96.23
1770 193.64
1780 292.82
1790 98.04
1800 98.36
1810 98.69
1820 99.00
1830 199.25
1840 402.44
1850 101.12
1860 203.46
1870 102.06
1880 308.70
1890 207.29
1900 208.53
1910 209.70
1920 210.89
1930 105.77
1940 212.78
1950 106.72
1960 107.04
1970 215.33
1980 434.60
1990 218.93
2000 109.78
2010 331.87
2020 111.06
2030 111.38
2040 449.49
2050 340.14
2060 228.23
2070 114.45
2080 114.78
2090 115.09
2100 115.39
2110 115.71
2120 116.03
2130 116.32
2140 116.61
2150 116.90
2160 117.20
2170 117.51
2180 236.29
2190 118.48
2200 118.78
2210 119.11
2220 480.43
2230 120.63
2240 120.92
2250 243.04
2260 244.33
2270 245.62
2280 370.93
2290 124.06
2300 249.29
2310 124.93
2320 251.10
2330 125.87
2340 380.15
2350 127.16
2360 127.46
2370 513.77
2380 128.94
2390 781.86
2400 131.17
2410 263.59
2420 132.09
2430 265.36
2440 132.96
2450 133.28
2460 133.61
2470 268.47
2480 134.57
2490 678.73
2500 136.40
2510 136.69
2520 274.58
2530 275.86
2540 1116.95
2550 140.70
2560 282.65
2570 141.65
2580 141.96
2590 571.96
2600 143.55
2610 288.30
2620 289.46
2630 290.68
2640 291.95
2650 293.23
2660 294.50
2670 147.58
2680 296.33
2690 446.86
2700 149.37
2710 149.70
2720 451.60
2730 302.54
2740 762.09
2750 153.07
2760 153.39
2770 1084.48
2780 941.39
2790 793.08
2800 640.00
2810 160.52
2820 322.21
2830 161.44
2840 324.15
2850 162.40
2860 162.71
2870 163.03
2880 820.90
2890 330.27
2900 331.53
2910 166.12
2920 166.42
2930 334.11
2940 167.37
2950 167.66
2960 336.49
2970 168.54
2980 168.85
2990 338.95
3000 682.05
3010 342.77
3020 343.95
3030 172.26
3040 345.72
3050 173.20
3060 347.64
3070 174.15
3080 174.46
3090 878.17
3100 353.14
3110 354.40
3120 177.53
3130 177.85
3140 178.17
3150 178.48
3160 178.81
3170 719.16
3180 542.41
3190 181.24
3200 912.17
3210 550.93
3220 553.56
3230 184.93
3240 185.27
3250 371.79
3260 747.65
3270 375.51
3280 565.63
3290 378.55
3300 189.60
3310 189.93
3320 763.75
3330 383.55
3340 192.06
3350 192.35
3360 579.56
3370 193.63
3380 388.51
3390 194.58
3400 194.90
3410 783.46
3420 196.37
3430 789.57
3440 595.46
3450 198.90
3460 199.22
3470 199.51
3480 400.19
3490 401.41
3500 402.68
3510 809.51
3520 202.93
3530 203.24
3540 407.64
3550 204.10
3560 614.79
3570 205.38
3580 205.69
3590 206.01
3600 206.34
3610 206.64
3620 206.95
3630 831.66
3640 417.50
3650 418.77
3660 209.71
3670 210.04
3680 210.35
3690 210.66
3700 210.98
3710 423.13
3720 211.85
3730 424.89
3740 212.78
3750 213.10
3760 213.42
3770 213.74
3780 214.05
3790 214.37
3800 214.68
3810 430.57
3820 215.58
3830 866.25
3840 871.30
3850 2422.04
3860 221.78
3870 891.18
3880 671.43
3890 674.17
3900 450.95
3910 225.81
3920 452.85
3930 681.75
3940 1142.40
3950 458.99
3960 229.83
3970 230.13
3980 230.45
3990 925.74
4000 697.37
4010 1403.62
4020 234.78
4030 235.06
4040 235.38
4050 945.40
4060 236.92
4070 951.76
4080 717.00
4090 479.38
4100 721.49
4110 240.94
4120 241.27
4130 241.58
4140 241.89
4150 242.22
4160 972.77
4170 243.71
4180 243.99
4190 489.26
4200 244.96
4210 491.19
4220 245.91
4230 493.08
4240 494.28
4250 992.41
4260 248.66
4270 248.99
4280 249.31
4290 249.62
4300 249.94
4310 501.12
4320 250.86
4330 251.16
4340 251.44
4350 756.75
4360 506.01
4370 507.27
4380 253.96
4390 254.28
4400 1277.03
4410 256.07
4420 256.39
4430 256.72
4440 1030.94
4450 258.30
4460 258.59
4470 518.39
4480 259.47
4490 259.77
4500 260.10
4510 260.43
4520 260.72
4530 261.06
4540 523.36
4550 262.01
4560 525.24
4570 1318.70
4580 529.47
4590 796.79
4600 266.02
4610 266.34
4620 533.87
4630 803.16
4640 1075.40
4650 1080.46
4660 270.63
4670 270.95
4680 815.21
4690 818.06
4700 273.12
4710 273.44
4720 273.76
4730 274.06
4740 1100.18
4750 275.53
4760 552.36
4770 553.64
4780 1390.08
4790 1958.92
4800 562.32
4810 1128.69
4820 282.70
4830 283.00
4840 567.20
4850 568.45
4860 569.71
4870 570.99
4880 572.25
4890 286.42
4900 286.72
4910 287.00
4920 287.32
4930 864.40
4940 577.76
4950 289.21
4960 870.13
4970 1748.63
4980 585.17
4990 292.92
5000 587.09

Lap 10
10 1.39
20 0.28
30 0.30
40 0.32
50 0.20
60 0.19
70 0.15
80 0.13
90 1.57
100 2.60
110 0.50
120 1.10
130 11.91
140 0.37
150 10.10
160 0.29
170 8.26
180 0.21
190 7.43
200 0.17
210 4.67
220 0.32
230 5.71
240 0.32
250 3.79
260 4.60
270 10.15
280 7.05
290 1.30
300 5.29
310 0.46
320 6.17
330 23.48
340 15.49
350 25.76
360 18.64
370 30.28
380 10.51
390 10.83
400 60.06
410 12.74
420 13.05
430 13.35
440 72.28
450 15.18
460 47.99
470 50.83
480 35.28
490 55.30
500 18.87
510 19.20
520 19.53
530 40.27
540 84.55
550 21.66
560 21.96
570 22.25
580 93.07
590 73.09
600 154.66
610 26.60
620 26.92
630 83.24
640 28.20
650 57.61
660 29.12
670 59.39
680 30.00
690 30.31
700 30.62
710 94.37
720 97.23
730 32.85
740 100.85
750 34.01
760 104.50
770 143.89
780 148.85
790 232.49
800 39.62
810 39.94
820 40.26
830 206.97
840 42.03
850 128.65
860 43.32
870 87.90
880 179.81
890 91.53
900 46.07
910 46.40
920 46.72
930 94.67
940 95.94
950 48.31
960 48.62
970 48.92
980 49.20
990 200.65
1000 50.73
1010 51.05
1020 51.38
1030 51.69
1040 264.25
1050 53.52
1060 108.19
1070 109.47
1080 55.06
1090 281.29
1100 288.79
1110 176.90
1120 59.41
1130 59.73
1140 60.04
1150 60.37
1160 60.67
1170 246.45
1180 62.15
1190 125.56
1200 63.11
1210 63.43
1220 192.78
1230 64.67
1240 64.98
1250 65.26
1260 65.55
1270 65.86
1280 403.35
1290 68.08
1300 137.40
1310 851.49
1320 72.71
1330 146.59
1340 73.58
1350 148.43
1360 149.69
1370 75.18
1380 228.03
1390 76.44
1400 154.06
1410 155.21
1420 156.46
1430 237.24
1440 79.52
1450 79.84
1460 80.16
1470 80.46
1480 162.09
1490 81.34
1500 81.62
1510 81.96
1520 165.15
1530 82.91
1540 167.06
1550 83.86
1560 84.17
1570 84.48
1580 170.12
1590 85.35
1600 171.92
1610 612.50
1620 266.93
1630 179.34
1640 89.99
1650 90.32
1660 273.45
1670 183.78
1680 92.21
1690 92.51
1700 92.81
1710 93.09
1720 187.38
1730 188.64
1740 381.41
1750 192.45
1760 96.52
1770 389.93
1780 98.03
1790 197.34
1800 98.99
1810 99.32
1820 300.42
1830 100.54
1840 202.25
1850 203.46
1860 204.73
1870 102.70
1880 206.66
1890 103.64
1900 313.38
1910 422.09
1920 106.08
1930 213.43
1940 214.69
1950 982.28
1960 110.43
1970 222.10
1980 223.37
1990 224.60
2000 339.24
2010 227.59
2020 114.12
2030 114.48
2040 114.77
2050 230.78
2060 115.71
2070 232.65
2080 116.61
2090 234.39
2100 235.64
2110 236.92
2120 718.92
2130 729.81
2140 122.50
2150 246.25
2160 621.43
2170 124.93
2180 377.27
2190 253.01
2200 126.84
2210 254.92
2220 127.77
2230 385.70
2240 649.11
2250 524.95
2260 131.79
2270 132.10
2280 265.36
2290 132.96
2300 133.29
2310 133.60
2320 538.50
2330 407.11
2340 136.10
2350 273.40
2360 412.51
2370 137.95
2380 416.34
2390 139.21
2400 279.66
2410 140.14
2420 140.42
2430 140.72
2440 141.00
2450 141.34
2460 283.91
2470 571.96
2480 432.14
2490 144.44
2500 144.72
2510 582.95
2520 146.31
2530 146.63
2540 294.51
2550 147.57
2560 147.86
2570 148.16
2580 446.87
2590 600.31
2600 301.92
2610 303.18
2620 151.88
2630 458.01
2640 460.79
2650 308.68
2660 154.68
2670 154.99
2680 311.22
2690 941.37
2700 157.74
2710 316.75
2720 477.63
2730 480.36
2740 483.03
2750 485.88
2760 652.39
2770 327.90
2780 991.47
2790 499.86
2800 334.72
2810 167.67
2820 505.33
2830 168.85
2840 509.06
2850 170.14
2860 170.44
2870 170.76
2880 342.76
2890 171.69
2900 171.97
2910 172.26
2920 345.73
2930 521.13
2940 174.15
2950 700.65
2960 175.69
2970 175.99
2980 707.88
2990 177.52
3000 356.31
3010 178.50
3020 1078.90
3030 543.33
3040 363.73
3050 182.20
3060 549.08
3070 183.44
3080 183.73
3090 184.01
3100 184.32
3110 555.43
3120 371.78
3130 560.19
3140 562.96
3150 376.68
3160 377.91
3170 379.18
3180 189.91
3190 190.23
3200 190.56
3210 574.12
3220 384.13
3230 192.35
3240 192.67
3250 386.58
3260 582.41
3270 585.27
3280 195.48
3290 588.82
3300 591.62
3310 197.65
3320 197.97
3330 198.29
3340 397.81
3350 399.01
3360 1204.87
3370 404.26
3380 405.22
3390 202.93
3400 611.19
3410 204.10
3420 409.45
3430 616.72
3440 412.64
3450 206.65
3460 206.95
3470 415.10
3480 416.26
3490 836.57
3500 209.72
3510 1266.36
3520 850.13
3530 213.09
3540 427.46
3550 214.05
3560 429.36
3570 430.57
3580 215.59
3590 215.87
3600 432.94
3610 216.81
3620 871.30
3630 876.32
3640 439.78
3650 440.98
3660 442.27
3670 221.46
3680 221.78
3690 444.81
3700 1117.80
3710 449.04
3720 224.85
3730 225.16
3740 451.60
3750 452.87
3760 226.76
3770 227.05
3780 683.49
3790 457.09
3800 228.87
3810 229.19
3820 229.51
3830 460.27
3840 692.90
3850 695.55
3860 465.12
3870 232.89
3880 233.21
3890 233.53
3900 468.30
3910 704.96
3920 235.38
3930 471.92
3940 236.27
3950 236.60
3960 712.32
3970 954.29
3980 478.80
3990 239.68
4000 239.97
4010 481.20
4020 240.95
4030 483.13
4040 970.35
4050 243.13
4060 487.40
4070 244.01
4080 489.27
4090 244.96
4100 491.18
4110 245.92
4120 493.07
4130 246.84
4140 742.86
4150 1744.68
4160 250.24
4170 250.58
4180 250.86
4190 754.92
4200 757.71
4210 1269.39
4220 254.57
4230 254.87
4240 1023.37
4250 256.37
4260 771.68
4270 515.93
4280 517.21
4290 258.90
4300 518.95
4310 259.77
4320 260.09
4330 260.42
4340 522.09
4350 1048.30
4360 525.82
4370 791.10
4380 793.90
4390 530.79
4400 265.71
4410 266.02
4420 266.33
4430 801.39
4440 267.51
4450 1343.50
4460 809.78
4470 1084.11
4480 816.12
4490 545.57
4500 546.87
4510 273.76
4520 823.71
4530 550.51
4540 275.55
4550 1383.74
4560 277.45
4570 277.77
4580 278.08
4590 278.39
4600 278.69
4610 278.99
4620 1963.28
4630 1128.69
4640 566.00
4650 283.30
4660 852.35
4670 284.55
4680 284.88
4690 570.98
4700 572.25
4710 573.44
4720 574.62
4730 287.62
4740 865.37
4750 288.90
4760 289.21
4770 870.16
4780 581.49
4790 291.03
4800 291.33
4810 583.89
4820 585.18
4830 292.92
4840 293.23
4850 587.70
4860 294.19
4870 884.87
4880 1184.20
4890 296.61
4900 296.92
4910 297.25
4920 297.57
4930 297.89
4940 298.18
4950 597.56
4960 598.73
4970 299.68
4980 300.01
4990 1204.12
5000 603.79
