Lap 1
10 0.62
20 0.35
30 0.40
40 0.25
50 0.24
60 0.34
70 0.32
80 0.24
90 0.59
100 2.53
110 0.43
120 1.78
130 2.73
140 0.87
150 10.45
160 0.49
170 8.80
180 0.39
190 8.08
200 0.21
210 7.07
220 0.30
230 6.22
240 0.26
250 6.84
260 1.27
270 1.68
280 6.96
290 13.06
300 3.51
310 4.20
320 19.78
330 5.19
340 5.40
350 16.94
360 12.97
370 28.75
380 7.49
390 32.96
400 46.00
410 30.02
420 31.91
430 22.22
440 35.04
450 11.92
460 12.12
470 25.16
480 12.76
490 12.97
500 13.18
510 13.39
520 13.60
530 13.81
540 28.52
550 44.51
560 15.07
570 15.28
580 15.49
590 31.89
600 32.73
610 50.81
620 70.78
630 36.51
640 75.84
650 19.28
660 39.46
670 40.29
680 83.40
690 21.17
700 21.37
710 21.59
720 21.80
730 183.90
740 47.85
750 73.51
760 49.97
770 50.81
780 25.57
790 52.08
800 26.21
810 53.33
820 109.47
830 27.67
840 56.27
850 57.11
860 28.73
870 58.38
880 180.72
890 30.62
900 254.52
910 98.73
920 33.15
930 204.68
940 34.61
950 70.14
960 106.92
970 72.25
980 36.30
990 223.61
1000 114.49
1010 38.38
1020 38.60
1030 117.65
1040 119.54
1050 245.02
1060 83.17
1070 126.47
1080 42.38
1090 42.59
1100 86.11
1110 43.22
1120 43.44
1130 43.64
1140 43.86
1150 44.06
1160 44.28
1170 44.49
1180 44.69
1190 181.76
1200 45.73
1210 139.09
1220 93.67
1230 190.16
1240 47.85
1250 48.07
1260 48.27
1270 97.45
1280 247.75
1290 49.94
1300 50.16
1310 50.38
1320 50.60
1330 50.80
1340 51.01
1350 51.21
1360 103.34
1370 51.83
1380 104.60
1390 52.48
1400 52.68
1410 52.89
1420 53.10
1430 53.32
1440 107.55
1450 53.95
1460 54.15
1470 54.36
1480 109.65
1490 54.98
1500 55.21
1510 111.33
1520 168.70
1530 170.60
1540 230.51
1550 57.93
1560 58.15
1570 58.35
1580 117.64
1590 118.46
1600 59.40
1610 59.63
1620 241.45
1630 306.59
1640 61.71
1650 61.93
1660 62.14
1670 125.20
1680 62.76
1690 126.46
1700 255.73
1710 64.23
1720 194.55
1730 65.08
1740 65.29
1750 65.50
1760 131.93
1770 132.75
1780 66.55
1790 66.76
1800 66.97
1810 67.19
1820 135.28
1830 342.33
1840 138.22
1850 209.06
1860 140.34
1870 70.33
1880 141.60
1890 142.42
1900 143.26
1910 144.11
1920 364.40
1930 295.25
1940 74.11
1950 299.45
1960 75.16
1970 151.27
1980 152.09
1990 76.22
2000 153.36
2010 154.20
2020 155.04
2030 155.88
2040 235.55
2050 78.73
2060 317.96
2070 402.23
2080 80.84
2090 244.39
2100 328.87
2110 82.53
2120 333.08
2130 336.45
2140 84.41
2150 84.62
2160 255.74
2170 85.46
2180 431.67
2190 86.72
2200 174.39
2210 87.36
2220 530.04
2230 178.16
2240 179.01
2250 451.64
2260 90.71
2270 365.87
2280 91.77
2290 91.98
2300 370.93
2310 93.02
2320 187.00
2330 282.21
2340 94.30
2350 94.52
2360 189.94
2370 190.77
2380 95.55
2390 95.76
2400 95.98
2410 96.19
2420 96.39
2430 193.73
2440 194.55
2450 97.44
2460 195.83
2470 98.07
2480 296.09
2490 397.82
2500 300.50
2510 201.29
2520 507.33
2530 101.87
2540 204.64
2550 102.48
2560 102.70
2570 102.93
2580 206.74
2590 207.59
2600 103.96
2610 104.17
2620 630.94
2630 318.15
2640 213.05
2650 106.69
2660 429.78
2670 107.73
2680 216.42
2690 108.36
2700 108.59
2710 108.80
2720 109.00
2730 109.22
2740 109.43
2750 662.47
2760 222.29
2770 111.32
2780 111.53
2790 223.99
2800 791.31
2810 113.62
2820 113.86
2830 228.61
2840 229.44
2850 230.28
2860 115.32
2870 115.52
2880 231.97
2890 116.16
2900 350.31
2910 234.49
2920 117.42
2930 117.62
2940 473.50
2950 118.68
2960 238.28
2970 239.12
2980 360.41
2990 726.78
3000 243.75
3010 122.03
3020 245.01
3030 122.67
3040 246.26
3050 371.13
3060 123.93
3070 124.14
3080 124.35
3090 124.56
3100 124.77
3110 124.98
3120 125.19
3130 377.43
3140 379.32
3150 253.82
3160 510.49
3170 385.00
3180 257.62
3190 128.97
3200 129.19
3210 129.40
3220 520.59
3230 130.44
3240 524.78
3250 395.71
3260 132.13
3270 1470.26
3280 269.80
3290 135.07
3300 543.28
3310 409.59
3320 136.75
3330 274.42
3340 137.38
3350 552.53
3360 138.44
3370 417.15
3380 139.27
3390 139.49
3400 139.69
3410 420.94
3420 140.54
3430 423.47
3440 995.83
3450 286.20
3460 287.05
3470 143.68
3480 288.30
3490 434.19
3500 144.95
3510 145.15
3520 145.37
3530 437.97
3540 146.20
3550 146.42
3560 146.63
3570 441.75
3580 147.49
3590 147.68
3600 444.90
3610 148.53
3620 148.73
3630 148.94
3640 149.15
3650 599.62
3660 300.92
3670 301.76
3680 606.33
3690 151.88
3700 457.52
3710 305.96
3720 460.67
3730 153.78
3740 463.19
3750 309.75
3760 310.58
3770 311.43
3780 312.27
3790 156.30
3800 313.53
3810 1104.73
3820 158.39
3830 158.61
3840 318.16
3850 159.23
3860 159.45
3870 319.83
3880 160.08
3890 321.11
3900 321.94
3910 161.12
3920 161.34
3930 161.55
3940 812.13
3950 326.14
3960 326.98
3970 656.78
3980 164.51
3990 329.92
4000 165.12
4010 165.34
4020 165.56
4030 165.76
4040 165.97
4050 332.87
4060 501.03
4070 502.93
4080 336.22
4090 337.07
4100 507.34
4110 169.33
4120 1879.53
4130 344.21
4140 518.05
4150 346.33
4160 347.15
4170 173.75
4180 173.96
4190 174.16
4200 174.38
4210 524.99
4220 350.94
4230 351.78
4240 352.63
4250 176.48
4260 886.75
4270 355.98
4280 535.71
4290 178.79
4300 178.99
4310 179.22
4320 359.34
4330 179.84
4340 180.04
4350 180.28
4360 361.44
4370 362.30
4380 727.42
4390 364.81
4400 548.95
4410 366.92
4420 367.76
4430 553.37
4440 926.69
4450 185.72
4460 372.38
4470 1122.80
4480 187.61
4490 187.83
4500 188.04
4510 188.25
4520 377.43
4530 378.27
4540 189.30
4550 760.21
4560 190.35
4570 572.92
4580 766.90
4590 192.03
4600 192.25
4610 578.59
4620 386.67
4630 387.50
4640 972.92
4650 194.98
4660 390.88
4670 981.33
4680 196.66
4690 196.87
4700 592.46
4710 991.82
4720 597.49
4730 799.70
4740 200.23
4750 602.54
4760 201.07
4770 403.08
4780 403.91
4790 202.12
4800 608.20
4810 202.97
4820 203.17
4830 407.27
4840 203.81
4850 613.25
4860 409.80
4870 822.43
4880 205.89
4890 206.11
4900 620.20
4910 206.96
4920 207.15
4930 207.37
4940 415.68
4950 208.00
4960 208.23
4970 208.42
4980 836.70
4990 840.06
5000 632.20

Lap 2
10 1.98
20 0.34
30 0.31
40 0.32
50 0.18
60 0.21
70 0.13
80 0.15
90 0.47
100 2.31
110 0.42
120 2.46
130 11.02
140 0.29
150 10.19
160 0.30
170 8.39
180 0.21
190 7.58
200 0.21
210 6.73
220 0.11
230 5.50
240 0.33
250 1.93
260 2.54
270 1.47
280 1.89
290 4.85
300 13.06
310 41.40
320 17.40
330 26.23
340 6.86
350 7.09
360 15.08
370 7.72
380 16.34
390 17.19
400 27.48
410 9.39
420 9.60
430 20.14
440 10.24
450 21.38
460 22.22
470 11.29
480 60.71
490 12.55
500 26.00
510 13.19
520 70.17
530 29.36
540 45.77
550 80.67
560 33.58
570 52.07
580 17.60
590 36.10
600 113.89
610 39.45
620 19.90
630 20.11
640 20.33
650 62.80
660 21.17
670 43.24
680 66.57
690 22.43
700 92.65
710 47.43
720 48.29
730 24.32
740 49.55
750 24.95
760 25.16
770 156.77
780 26.62
790 137.42
800 84.86
810 86.75
820 58.78
830 151.09
840 30.62
850 30.83
860 31.05
870 63.00
880 227.84
890 66.77
900 33.57
910 278.06
920 35.45
930 35.67
940 35.88
950 146.46
960 111.95
970 152.34
980 38.39
990 38.61
1000 38.82
1010 78.54
1020 79.40
1030 80.22
1040 40.28
1050 122.69
1060 41.12
1070 83.17
1080 84.01
1090 127.73
1100 42.79
1110 86.53
1120 43.44
1130 43.64
1140 88.21
1150 44.28
1160 134.66
1170 182.58
1180 45.95
1190 46.17
1200 140.34
1210 47.01
1220 47.22
1230 95.36
1240 96.20
1250 48.27
1260 48.47
1270 48.70
1280 48.91
1290 49.11
1300 199.40
1310 100.81
1320 50.57
1330 102.08
1340 51.21
1350 51.43
1360 51.63
1370 156.74
1380 158.62
1390 53.10
1400 161.15
1410 53.93
1420 54.16
1430 164.30
1440 447.88
1450 113.84
1460 172.49
1470 174.38
1480 58.35
1490 58.57
1500 58.77
1510 118.48
1520 179.42
1530 60.03
1540 60.26
1550 60.46
1560 121.83
1570 122.67
1580 61.50
1590 186.40
1600 62.35
1610 62.56
1620 62.77
1630 126.46
1640 63.39
1650 63.61
1660 63.82
1670 323.42
1680 65.07
1690 131.09
1700 198.34
1710 66.33
1720 66.55
1730 134.03
1740 614.54
1750 69.07
1760 69.29
1770 139.49
1780 69.91
1790 70.13
1800 141.17
1810 142.01
1820 142.86
1830 216.00
1840 72.23
1850 72.43
1860 145.80
1870 294.41
1880 297.76
1890 150.00
1900 150.85
1910 75.58
1920 152.11
1930 76.22
1940 619.37
1950 235.55
1960 157.97
1970 79.16
1980 239.33
1990 79.99
2000 80.22
2010 80.42
2020 80.64
2030 162.20
2040 163.03
2050 81.68
2060 81.90
2070 82.10
2080 248.17
2090 82.94
2100 83.16
2110 83.38
2120 251.94
2130 168.92
2140 84.61
2150 427.47
2160 85.88
2170 172.71
2180 86.51
2190 86.74
2200 174.38
2210 87.36
2220 87.57
2230 87.78
2240 176.49
2250 88.40
2260 88.63
2270 267.71
2280 89.46
2290 360.82
2300 181.53
2310 90.92
2320 182.80
2330 368.39
2340 653.00
2350 93.88
2360 283.48
2370 189.94
2380 95.12
2390 191.20
2400 385.21
2410 96.61
2420 96.83
2430 97.03
2440 97.24
2450 97.46
2460 97.66
2470 294.83
2480 396.14
2490 99.33
2500 501.04
2510 100.60
2520 202.13
2530 101.23
2540 305.54
2550 102.08
2560 102.28
2570 205.49
2580 413.79
2590 103.75
2600 628.42
2610 105.22
2620 105.43
2630 318.16
2640 106.26
2650 106.49
2660 213.90
2670 430.61
2680 216.41
2690 326.36
2700 109.00
2710 109.24
2720 329.50
2730 110.06
2740 110.27
2750 221.47
2760 222.29
2770 111.32
2780 111.53
2790 111.74
2800 111.95
2810 337.71
2820 681.38
2830 228.60
2840 114.48
2850 345.27
2860 347.16
2870 115.94
2880 232.81
2890 116.57
2900 942.24
2910 118.47
2920 118.67
2930 238.28
2940 119.31
2950 239.53
2960 119.93
2970 482.74
2980 120.99
2990 242.90
3000 366.08
3010 245.01
3020 122.66
3030 122.88
3040 123.09
3050 495.36
3060 124.13
3070 249.20
3080 124.77
3090 250.47
3100 125.40
3110 378.07
3120 126.25
3130 380.59
3140 127.08
3150 255.10
3160 255.93
3170 128.12
3180 128.36
3190 128.56
3200 128.76
3210 258.47
3220 129.39
3230 129.60
3240 783.55
3250 394.45
3260 263.91
3270 530.67
3280 132.96
3290 266.88
3300 267.70
3310 134.03
3320 268.97
3330 269.81
3340 135.06
3350 135.29
3360 135.49
3370 956.11
3380 550.85
3390 138.01
3400 138.22
3410 277.38
3420 557.58
3430 139.69
3440 280.31
3450 140.34
3460 140.53
3470 707.02
3480 141.81
3490 284.52
3500 428.50
3510 143.09
3520 864.26
3530 289.57
3540 436.08
3550 1172.62
3560 147.25
3570 592.05
3580 297.14
3590 148.73
3600 148.94
3610 298.81
3620 299.65
3630 149.99
3640 300.91
3650 301.76
3660 606.34
3670 151.88
3680 152.09
3690 305.12
3700 152.74
3710 152.93
3720 153.14
3730 461.30
3740 153.99
3750 154.20
3760 464.47
3770 155.03
3780 155.25
3790 155.46
3800 468.23
3810 313.11
3820 156.72
3830 156.93
3840 314.79
3850 632.41
3860 317.31
3870 797.41
3880 159.86
3890 160.09
3900 160.30
3910 482.74
3920 322.78
3930 648.38
3940 162.39
3950 325.72
3960 982.80
3970 659.32
3980 165.12
3990 331.18
4000 332.03
4010 166.18
4020 333.29
4030 166.81
4040 167.01
4050 671.09
4060 336.65
4070 845.75
4080 169.57
4090 169.75
4100 169.97
4110 511.75
4120 170.79
4130 171.02
4140 171.23
4150 687.89
4160 518.05
4170 346.31
4180 347.17
4190 173.75
4200 173.96
4210 523.73
4220 174.79
4230 175.01
4240 175.22
4250 527.51
4260 529.41
4270 176.68
4280 354.31
4290 533.20
4300 356.40
4310 178.37
4320 896.21
4330 359.77
4340 360.60
4350 724.06
4360 181.32
4370 181.52
4380 729.09
4390 365.65
4400 183.00
4410 366.92
4420 183.63
4430 183.84
4440 368.59
4450 184.47
4460 184.68
4470 184.88
4480 370.70
4490 371.54
4500 185.93
4510 186.15
4520 373.23
4530 186.78
4540 186.99
4550 374.91
4560 564.08
4570 565.99
4580 567.87
4590 379.53
4600 189.94
4610 571.64
4620 382.06
4630 766.93
4640 192.03
4650 192.24
4660 771.96
4670 387.09
4680 193.71
4690 777.86
4700 194.77
4710 194.98
4720 195.18
4730 587.42
4740 196.03
4750 196.23
4760 196.45
4770 393.82
4780 592.47
4790 792.99
4800 596.85
4810 2811.53
4820 810.63
4830 1222.42
4840 613.87
4850 821.58
4860 205.69
4870 412.30
4880 206.33
4890 828.31
4900 831.64
4910 1463.72
4920 419.87
4930 210.11
4940 210.32
4950 210.52
4960 210.72
4970 845.95
4980 211.78
4990 211.99
5000 424.93

Lap 3
10 2.06
20 0.29
30 0.23
40 0.23
50 0.18
60 0.16
70 0.13
80 0.09
90 1.17
100 2.93
110 0.55
120 0.16
130 12.15
140 0.23
150 10.25
160 0.27
170 8.45
180 0.19
190 6.43
200 0.17
210 6.84
220 0.22
230 4.54
240 0.26
250 3.19
260 3.16
270 4.42
280 12.21
290 11.09
300 3.93
310 4.63
320 27.35
330 18.66
340 6.45
350 21.18
360 7.30
370 7.50
380 41.81
390 27.48
400 9.39
410 30.01
420 20.96
430 10.66
440 10.87
450 46.40
460 24.33
470 51.45
480 40.73
490 42.62
500 29.37
510 14.86
520 30.62
530 31.47
540 32.30
550 16.34
560 33.56
570 16.97
580 70.78
590 55.23
600 18.64
610 18.86
620 78.35
630 19.91
640 40.72
650 84.24
660 43.23
670 21.80
680 232.03
690 24.11
700 24.32
710 100.22
720 25.36
730 25.58
740 25.80
750 26.00
760 52.91
770 81.08
780 82.97
790 27.89
800 114.50
810 28.94
820 88.64
830 60.06
840 122.91
850 31.04
860 31.25
870 31.47
880 31.67
890 96.83
900 32.52
910 32.73
920 32.93
930 100.62
940 33.77
950 33.99
960 68.88
970 105.04
980 106.92
990 35.87
1000 36.09
1010 73.08
1020 186.81
1030 37.75
1040 115.12
1050 77.71
1060 158.22
1070 39.85
1080 80.64
1090 40.50
1100 81.90
1110 41.13
1120 41.33
1130 125.84
1140 42.16
1150 42.39
1160 42.60
1170 129.62
1180 43.43
1190 43.64
1200 43.86
1210 88.63
1220 89.47
1230 90.31
1240 45.33
1250 137.81
1260 92.82
1270 93.68
1280 94.52
1290 191.84
1300 244.58
1310 49.31
1320 49.53
1330 49.74
1340 304.32
1350 102.91
1360 51.62
1370 104.18
1380 105.02
1390 159.25
1400 107.13
1410 217.06
1420 109.64
1430 110.48
1440 55.40
1450 224.63
1460 170.60
1470 114.68
1480 57.51
1490 233.03
1500 58.56
1510 118.05
1520 420.53
1530 60.66
1540 60.88
1550 184.47
1560 61.71
1570 61.93
1580 187.63
1590 126.03
1600 126.87
1610 63.61
1620 257.41
1630 64.65
1640 64.87
1650 65.09
1660 65.29
1670 65.50
1680 65.74
1690 198.98
1700 133.59
1710 66.96
1720 202.76
1730 273.38
1740 137.80
1750 69.07
1760 349.70
1770 141.16
1780 70.75
1790 214.11
1800 143.68
1810 144.53
1820 145.36
1830 72.85
1840 73.07
1850 73.28
1860 73.49
1870 222.31
1880 149.14
1890 150.00
1900 75.18
1910 227.36
1920 152.51
1930 307.85
1940 77.27
1950 155.46
1960 77.89
1970 393.84
1980 158.81
1990 79.58
2000 160.09
2010 404.35
2020 81.25
2030 163.45
2040 164.28
2050 82.31
2060 82.53
2070 249.42
2080 83.36
2090 83.58
2100 252.58
2110 84.41
2120 84.63
2130 170.18
2140 85.25
2150 85.47
2160 431.67
2170 173.96
2180 174.80
2190 87.57
2200 87.78
2210 87.99
2220 176.90
2230 267.07
2240 89.26
2250 89.46
2260 270.23
2270 90.31
2280 90.51
2290 90.73
2300 90.93
2310 366.72
2320 91.97
2330 370.93
2340 186.56
2350 93.46
2360 187.84
2370 94.08
2380 94.31
2390 284.75
2400 95.12
2410 191.23
2420 95.76
2430 95.98
2440 96.19
2450 290.41
2460 97.02
2470 97.24
2480 97.45
2490 491.58
2500 297.34
2510 199.18
2520 1009.70
2530 101.86
2540 204.64
2550 102.49
2560 205.91
2570 103.12
2580 207.16
2590 103.75
2600 103.96
2610 208.86
2620 104.59
2630 104.80
2640 105.02
2650 210.96
2660 318.15
2670 106.26
2680 106.49
2690 106.69
2700 106.90
2710 538.87
2720 325.72
2730 218.09
2740 328.88
2750 220.19
2760 666.24
2770 111.52
2780 111.74
2790 224.40
2800 225.25
2810 339.59
2820 113.42
2830 113.63
2840 113.84
2850 114.06
2860 114.26
2870 114.47
2880 114.68
2890 114.89
2900 578.79
2910 116.16
2920 350.31
2930 234.48
2940 235.33
2950 354.72
2960 356.63
2970 238.69
2980 119.51
2990 119.73
3000 602.97
3010 120.99
3020 242.90
3030 121.62
3040 121.83
3050 122.03
3060 614.53
3070 495.36
3080 124.14
3090 124.34
3100 124.56
3110 375.54
3120 125.40
3130 125.61
3140 505.44
3150 126.66
3160 126.86
3170 254.68
3180 255.50
3190 127.93
3200 256.77
3210 257.61
3220 518.06
3230 129.81
3240 522.26
3250 262.23
3260 131.28
3270 131.49
3280 131.71
3290 131.92
3300 397.60
3310 266.02
3320 133.18
3330 267.29
3340 133.81
3350 673.39
3360 270.64
3370 135.49
3380 135.70
3390 408.96
3400 410.85
3410 137.17
3420 137.38
3430 275.70
3440 138.02
3450 276.97
3460 138.63
3470 138.85
3480 558.41
3490 420.94
3500 140.53
3510 140.75
3520 140.96
3530 424.72
3540 284.10
3550 284.95
3560 142.63
3570 286.21
3580 575.23
3590 144.10
3600 144.33
3610 289.56
3620 144.95
3630 582.79
3640 146.00
3650 439.88
3660 146.84
3670 738.53
3680 296.71
3690 148.52
3700 148.74
3710 597.93
3720 149.78
3730 149.99
3740 1057.63
3750 761.68
3760 305.95
3770 153.14
3780 307.23
3790 153.77
3800 618.10
3810 933.62
3820 156.08
3830 470.13
3840 156.92
3850 157.15
3860 790.04
3870 635.76
3880 960.10
3890 644.18
3900 161.34
3910 323.61
3920 650.06
3930 981.54
3940 328.65
3950 164.50
3960 329.92
3970 496.61
3980 332.02
3990 332.87
4000 166.59
4010 334.13
4020 334.96
4030 335.81
4040 168.06
4050 168.29
4060 168.49
4070 168.71
4080 338.33
4090 169.33
4100 169.54
4110 340.01
4120 340.86
4130 341.69
4140 171.01
4150 171.23
4160 515.53
4170 344.63
4180 172.48
4190 172.69
4200 346.32
4210 347.15
4220 173.75
4230 173.95
4240 348.84
4250 524.99
4260 175.22
4270 351.36
4280 175.84
4290 352.62
4300 176.47
4310 353.89
4320 177.10
4330 533.20
4340 177.95
4350 356.83
4360 178.58
4370 358.08
4380 179.22
4390 179.41
4400 720.68
4410 180.46
4420 724.87
4430 363.55
4440 181.93
4450 364.80
4460 182.57
4470 549.58
4480 1105.13
4490 184.67
4500 184.87
4510 185.08
4520 185.31
4530 371.54
4540 185.93
4550 372.80
4560 186.57
4570 374.06
4580 750.94
4590 1702.29
4600 571.01
4610 572.92
4620 191.18
4630 191.39
4640 191.62
4650 384.14
4660 192.25
4670 385.41
4680 192.88
4690 386.68
4700 193.50
4710 387.94
4720 194.12
4730 194.35
4740 194.56
4750 194.76
4760 194.98
4770 390.86
4780 195.59
4790 195.81
4800 392.55
4810 196.45
4820 788.77
4830 395.51
4840 1192.14
4850 199.16
4860 199.39
4870 600.01
4880 601.92
4890 200.86
4900 604.45
4910 201.69
4920 201.90
4930 202.12
4940 608.22
4950 202.96
4960 406.83
4970 407.70
4980 613.25
4990 204.64
5000 204.85

Lap 4
10 1.15
20 0.47
30 0.26
40 0.22
50 0.23
60 0.22
70 0.12
80 0.17
90 0.24
100 3.97
110 0.24
120 3.16
130 0.50
140 2.47
150 0.58
160 1.48
170 9.83
180 0.72
190 0.03
200 0.36
210 9.62
220 0.20
230 7.03
240 0.24
250 0.22
260 0.63
270 9.50
280 3.93
290 6.10
300 3.58
310 4.00
320 9.05
330 8.53
340 3.37
350 17.67
360 6.03
370 19.92
380 14.23
390 7.30
400 7.51
410 15.93
420 8.13
430 26.24
440 18.43
450 19.28
460 41.35
470 10.66
480 22.23
490 23.05
500 11.71
510 11.92
520 24.75
530 12.55
540 39.47
550 27.26
560 42.62
570 29.37
580 14.88
590 15.07
600 47.04
610 15.91
620 32.74
630 50.81
640 17.17
650 146.91
660 19.05
670 120.20
680 20.53
690 41.98
700 64.68
710 135.34
720 118.50
730 24.12
740 74.14
750 127.97
760 25.99
770 26.21
780 53.32
790 54.17
800 82.97
810 27.89
820 85.50
830 28.73
840 28.95
850 29.15
860 29.36
870 89.92
880 91.79
890 62.16
900 291.10
910 134.68
920 33.98
930 34.19
940 104.42
950 106.29
960 35.67
970 72.25
980 298.24
990 37.97
1000 76.86
1010 38.60
1020 78.13
1030 39.24
1040 79.39
1050 39.86
1060 80.64
1070 81.50
1080 207.85
1090 84.41
1100 85.27
1110 86.11
1120 43.22
1130 87.37
1140 43.86
1150 44.07
1160 44.27
1170 44.49
1180 44.69
1190 90.31
1200 45.33
1210 45.54
1220 92.00
1230 46.19
1240 140.34
1250 94.51
1260 47.42
1270 47.65
1280 47.85
1290 145.39
1300 296.72
1310 100.39
1320 50.37
1330 101.67
1340 102.49
1350 103.33
1360 51.84
1370 52.05
1380 52.27
1390 52.48
1400 105.87
1410 53.10
1420 53.32
1430 107.54
1440 328.26
1450 279.29
1460 56.24
1470 56.47
1480 56.67
1490 345.91
1500 116.78
1510 58.56
1520 417.59
1530 366.09
1540 185.74
1550 124.77
1560 125.61
1570 62.97
1580 126.88
1590 127.72
1600 64.02
1610 64.25
1620 64.45
1630 64.66
1640 64.87
1650 65.09
1660 530.28
1670 134.45
1680 67.38
1690 204.02
1700 136.96
1710 137.80
1720 69.07
1730 69.28
1740 69.50
1750 139.94
1760 211.58
1770 70.75
1780 70.96
1790 71.18
1800 432.93
1810 145.79
1820 220.43
1830 73.69
1840 73.91
1850 148.75
1860 300.29
1870 75.37
1880 304.50
1890 230.50
1900 154.62
1910 77.47
1920 155.88
1930 78.10
1940 78.33
1950 236.81
1960 79.15
1970 79.37
1980 79.59
1990 79.79
2000 80.00
2010 160.95
2020 80.64
2030 162.20
2040 245.00
2050 81.90
2060 164.72
2070 165.55
2080 82.95
2090 166.82
2100 506.08
2110 341.49
2120 171.85
2130 259.50
2140 86.73
2150 86.94
2160 87.15
2170 87.36
2180 263.93
2190 176.89
2200 88.61
2210 88.84
2220 178.60
2230 179.42
2240 180.26
2250 272.12
2260 90.93
2270 91.15
2280 91.35
2290 368.40
2300 92.40
2310 185.74
2320 374.26
2330 188.25
2340 474.75
2350 95.35
2360 95.56
2370 288.52
2380 290.41
2390 194.55
2400 195.40
2410 196.25
2420 98.28
2430 98.51
2440 197.93
2450 398.66
2460 99.96
2470 100.19
2480 403.71
2490 101.23
2500 203.38
2510 204.23
2520 102.28
2530 102.49
2540 102.70
2550 206.34
2560 103.33
2570 103.54
2580 208.01
2590 104.17
2600 104.39
2610 209.69
2620 105.01
2630 742.76
2640 106.70
2650 106.90
2660 214.74
2670 107.53
2680 107.74
2690 107.96
2700 216.84
2710 217.68
2720 218.51
2730 219.36
2740 109.83
2750 110.06
2760 110.27
2770 110.48
2780 221.88
2790 111.10
2800 223.14
2810 111.74
2820 224.40
2830 338.34
2840 340.22
2850 686.42
2860 114.88
2870 230.71
2880 347.79
2890 466.77
2900 116.99
2910 117.20
2920 471.82
2930 237.01
2940 596.67
2950 360.41
2960 483.58
2970 121.18
2980 121.41
2990 121.62
3000 121.83
3010 122.03
3020 122.25
3030 245.43
3040 493.66
3050 123.72
3060 123.93
3070 124.14
3080 124.35
3090 249.63
3100 124.98
3110 125.19
3120 251.31
3130 252.14
3140 379.94
3150 254.25
3160 127.29
3170 127.50
3180 255.94
3190 256.78
3200 128.55
3210 387.53
3220 259.29
3230 260.13
3240 260.98
3250 393.20
3260 131.28
3270 131.50
3280 263.92
3290 132.12
3300 265.18
3310 132.76
3320 266.44
3330 133.39
3340 133.59
3350 268.13
3360 268.96
3370 405.18
3380 407.06
3390 135.91
3400 136.12
3410 136.33
3420 273.60
3430 412.11
3440 137.59
3450 276.11
3460 276.96
3470 138.65
3480 138.85
3490 278.64
3500 139.48
3510 139.69
3520 985.54
3530 710.18
3540 142.42
3550 429.13
3560 287.04
3570 143.68
3580 288.31
3590 144.32
3600 289.56
3610 144.95
3620 290.82
3630 145.58
3640 292.08
3650 146.21
3660 146.41
3670 293.77
3680 1035.55
3690 745.90
3700 299.66
3710 149.99
3720 150.20
3730 301.34
3740 757.46
3750 304.27
3760 305.12
3770 766.93
3780 153.77
3790 153.99
3800 308.90
3810 309.75
3820 155.03
3830 466.98
3840 312.26
3850 313.11
3860 156.72
3870 156.92
3880 314.79
3890 157.56
3900 157.77
3910 157.98
3920 158.19
3930 158.40
3940 158.61
3950 158.82
3960 159.03
3970 159.24
3980 479.60
3990 160.08
4000 160.30
4010 482.75
4020 161.14
4030 161.33
4040 323.62
4050 161.98
4060 162.18
4070 325.30
4080 162.82
4090 163.02
4100 163.24
4110 820.54
4120 494.72
4130 496.61
4140 332.02
4150 834.20
4160 167.23
4170 335.39
4180 167.85
4190 168.07
4200 337.06
4210 168.71
4220 338.33
4230 169.32
4240 339.61
4250 169.96
4260 170.17
4270 170.38
4280 170.59
4290 342.11
4300 171.23
4310 171.43
4320 171.63
4330 689.57
4340 519.32
4350 173.33
4360 347.57
4370 348.42
4380 699.66
4390 526.88
4400 352.20
4410 176.27
4420 176.47
4430 176.68
4440 354.31
4450 177.31
4460 355.57
4470 177.95
4480 356.84
4490 716.48
4500 179.42
4510 359.77
4520 180.04
4530 180.27
4540 180.47
4550 1453.43
4560 182.35
4570 182.58
4580 549.59
4590 183.42
4600 1476.97
4610 185.30
4620 371.55
4630 559.02
4640 373.65
4650 186.99
4660 1127.84
4670 377.42
4680 188.87
4690 568.50
4700 570.39
4710 190.35
4720 381.62
4730 190.98
4740 766.92
4750 192.03
4760 385.00
4770 579.21
4780 387.09
4790 193.72
4800 583.00
4810 780.39
4820 195.40
4830 588.03
4840 589.94
4850 196.87
4860 394.65
4870 197.49
4880 197.70
4890 197.91
4900 198.12
4910 198.34
4920 198.55
4930 398.03
4940 199.19
4950 199.38
4960 199.60
4970 199.81
4980 601.28
4990 200.64
5000 200.86

Lap 5
10 1.15
20 0.47
30 0.26
40 0.22
50 0.23
60 0.22
70 0.12
80 0.17
90 0.24
100 3.97
110 0.24
120 3.16
130 0.50
140 2.47
150 0.58
160 1.48
170 9.83
180 0.72
190 0.03
200 0.36
210 9.62
220 0.20
230 7.03
240 0.24
250 0.22
260 0.63
270 9.50
280 3.93
290 6.10
300 3.58
310 4.00
320 9.05
330 8.53
340 3.37
350 17.67
360 6.03
370 19.92
380 14.23
390 7.30
400 7.51
410 15.93
420 8.13
430 26.24
440 18.43
450 19.28
460 41.35
470 10.66
480 22.23
490 23.05
500 11.71
510 11.92
520 24.75
530 12.55
540 39.47
550 27.26
560 42.62
570 29.37
580 14.88
590 15.07
600 47.04
610 15.91
620 32.74
630 50.81
640 17.17
650 146.91
660 19.05
670 120.20
680 20.53
690 41.98
700 64.68
710 135.34
720 118.50
730 24.12
740 74.14
750 127.97
760 25.99
770 26.21
780 53.32
790 54.17
800 82.97
810 27.89
820 85.50
830 28.73
840 28.95
850 29.15
860 29.36
870 89.92
880 91.79
890 62.16
900 291.10
910 134.68
920 33.98
930 34.19
940 104.42
950 106.29
960 35.67
970 72.25
980 298.24
990 37.97
1000 76.86
1010 38.60
1020 78.13
1030 39.24
1040 79.39
1050 39.86
1060 80.64
1070 81.50
1080 207.85
1090 84.41
1100 85.27
1110 86.11
1120 43.22
1130 87.37
1140 43.86
1150 44.07
1160 44.27
1170 44.49
1180 44.69
1190 90.31
1200 45.33
1210 45.54
1220 92.00
1230 46.19
1240 140.34
1250 94.51
1260 47.42
1270 47.65
1280 47.85
1290 145.39
1300 296.72
1310 100.39
1320 50.37
1330 101.67
1340 102.49
1350 103.33
1360 51.84
1370 52.05
1380 52.27
1390 52.48
1400 105.87
1410 53.10
1420 53.32
1430 107.54
1440 328.26
1450 279.29
1460 56.24
1470 56.47
1480 56.67
1490 345.91
1500 116.78
1510 58.56
1520 417.59
1530 366.09
1540 185.74
1550 124.77
1560 125.61
1570 62.97
1580 126.88
1590 127.72
1600 64.02
1610 64.25
1620 64.45
1630 64.66
1640 64.87
1650 65.09
1660 530.28
1670 134.45
1680 67.38
1690 204.02
1700 136.96
1710 137.80
1720 69.07
1730 69.28
1740 69.50
1750 139.94
1760 211.58
1770 70.75
1780 70.96
1790 71.18
1800 432.93
1810 145.79
1820 220.43
1830 73.69
1840 73.91
1850 148.75
1860 300.29
1870 75.37
1880 304.50
1890 230.50
1900 154.62
1910 77.47
1920 155.88
1930 78.10
1940 78.33
1950 236.81
1960 79.15
1970 79.37
1980 79.59
1990 79.79
2000 80.00
2010 160.95
2020 80.64
2030 162.20
2040 245.00
2050 81.90
2060 164.72
2070 165.55
2080 82.95
2090 166.82
2100 506.08
2110 341.49
2120 171.85
2130 259.50
2140 86.73
2150 86.94
2160 87.15
2170 87.36
2180 263.93
2190 176.89
2200 88.61
2210 88.84
2220 178.60
2230 179.42
2240 180.26
2250 272.12
2260 90.93
2270 91.15
2280 91.35
2290 368.40
2300 92.40
2310 185.74
2320 374.26
2330 188.25
2340 474.75
2350 95.35
2360 95.56
2370 288.52
2380 290.41
2390 194.55
2400 195.40
2410 196.25
2420 98.28
2430 98.51
2440 197.93
2450 398.66
2460 99.96
2470 100.19
2480 403.71
2490 101.23
2500 203.38
2510 204.23
2520 102.28
2530 102.49
2540 102.70
2550 206.34
2560 103.33
2570 103.54
2580 208.01
2590 104.17
2600 104.39
2610 209.69
2620 105.01
2630 742.76
2640 106.70
2650 106.90
2660 214.74
2670 107.53
2680 107.74
2690 107.96
2700 216.84
2710 217.68
2720 218.51
2730 219.36
2740 109.83
2750 110.06
2760 110.27
2770 110.48
2780 221.88
2790 111.10
2800 223.14
2810 111.74
2820 224.40
2830 338.34
2840 340.22
2850 686.42
2860 114.88
2870 230.71
2880 347.79
2890 466.77
2900 116.99
2910 117.20
2920 471.82
2930 237.01
2940 596.67
2950 360.41
2960 483.58
2970 121.18
2980 121.41
2990 121.62
3000 121.83
3010 122.03
3020 122.25
3030 245.43
3040 493.66
3050 123.72
3060 123.93
3070 124.14
3080 124.35
3090 249.63
3100 124.98
3110 125.19
3120 251.31
3130 252.14
3140 379.94
3150 254.25
3160 127.29
3170 127.50
3180 255.94
3190 256.78
3200 128.55
3210 387.53
3220 259.29
3230 260.13
3240 260.98
3250 393.20
3260 131.28
3270 131.50
3280 263.92
3290 132.12
3300 265.18
3310 132.76
3320 266.44
3330 133.39
3340 133.59
3350 268.13
3360 268.96
3370 405.18
3380 407.06
3390 135.91
3400 136.12
3410 136.33
3420 273.60
3430 412.11
3440 137.59
3450 276.11
3460 276.96
3470 138.65
3480 138.85
3490 278.64
3500 139.48
3510 139.69
3520 985.54
3530 710.18
3540 142.42
3550 429.13
3560 287.04
3570 143.68
3580 288.31
3590 144.32
3600 289.56
3610 144.95
3620 290.82
3630 145.58
3640 292.08
3650 146.21
3660 146.41
3670 293.77
3680 1035.55
3690 745.90
3700 299.66
3710 149.99
3720 150.20
3730 301.34
3740 757.46
3750 304.27
3760 305.12
3770 766.93
3780 153.77
3790 153.99
3800 308.90
3810 309.75
3820 155.03
3830 466.98
3840 312.26
3850 313.11
3860 156.72
3870 156.92
3880 314.79
3890 157.56
3900 157.77
3910 157.98
3920 158.19
3930 158.40
3940 158.61
3950 158.82
3960 159.03
3970 159.24
3980 479.60
3990 160.08
4000 160.30
4010 482.75
4020 161.14
4030 161.33
4040 323.62
4050 161.98
4060 162.18
4070 325.30
4080 162.82
4090 163.02
4100 163.24
4110 820.54
4120 494.72
4130 496.61
4140 332.02
4150 834.20
4160 167.23
4170 335.39
4180 167.85
4190 168.07
4200 337.06
4210 168.71
4220 338.33
4230 169.32
4240 339.61
4250 169.96
4260 170.17
4270 170.38
4280 170.59
4290 342.11
4300 171.23
4310 171.43
4320 171.63
4330 689.57
4340 519.32
4350 173.33
4360 347.57
4370 348.42
4380 699.66
4390 526.88
4400 352.20
4410 176.27
4420 176.47
4430 176.68
4440 354.31
4450 177.31
4460 355.57
4470 177.95
4480 356.84
4490 716.48
4500 179.42
4510 359.77
4520 180.04
4530 180.27
4540 180.47
4550 1453.43
4560 182.35
4570 182.58
4580 549.59
4590 183.42
4600 1476.97
4610 185.30
4620 371.55
4630 559.02
4640 373.65
4650 186.99
4660 1127.84
4670 377.42
4680 188.87
4690 568.50
4700 570.39
4710 190.35
4720 381.62
4730 190.98
4740 766.92
4750 192.03
4760 385.00
4770 579.21
4780 387.09
4790 193.72
4800 583.00
4810 780.39
4820 195.40
4830 588.03
4840 589.94
4850 196.87
4860 394.65
4870 197.49
4880 197.70
4890 197.91
4900 198.12
4910 198.34
4920 198.55
4930 398.03
4940 199.19
4950 199.38
4960 199.60
4970 199.81
4980 601.28
4990 200.64
5000 200.86

Lap 6
10 2.75
20 0.82
30 0.39
40 0.51
50 0.45
60 0.36
70 0.33
80 0.24
90 0.50
100 2.12
110 0.41
120 2.21
130 0.80
140 0.47
150 1.40
160 0.16
170 0.45
180 0.90
190 0.01
200 0.43
210 8.60
220 0.42
230 7.10
240 0.54
250 1.28
260 3.80
270 11.59
280 2.66
290 3.37
300 3.79
310 4.21
320 4.64
330 10.31
340 15.90
350 12.14
360 19.92
370 6.87
380 7.09
390 7.31
400 7.50
410 7.73
420 7.92
430 6.12
440 40.93
450 19.27
460 9.82
470 10.03
480 10.24
490 21.38
500 10.86
510 11.08
520 11.29
530 11.50
540 11.71
550 24.32
560 25.16
570 12.76
580 12.96
590 13.18
600 13.38
610 13.60
620 13.82
630 14.02
640 14.23
650 29.37
660 61.54
670 31.89
680 16.12
690 16.33
700 140.18
710 18.21
720 18.43
730 18.64
740 77.51
750 19.70
760 123.98
770 21.15
780 21.37
790 21.59
800 21.80
810 44.50
820 45.35
830 22.85
840 70.35
850 47.86
860 24.11
870 49.13
880 24.74
890 24.95
900 129.01
910 106.94
920 27.04
930 27.26
940 111.98
950 28.31
960 28.51
970 57.95
980 58.80
990 29.58
1000 60.04
1010 30.21
1020 30.40
1030 252.83
1040 65.09
1050 32.71
1060 32.93
1070 33.14
1080 204.68
1090 105.03
1100 143.08
1110 109.43
1120 36.71
1130 74.34
1140 113.23
1150 37.96
1160 115.76
1170 78.12
1180 159.06
1190 121.42
1200 40.70
1210 40.92
1220 82.75
1230 125.84
1240 42.16
1250 215.18
1260 87.37
1270 177.55
1280 89.89
1290 182.59
1300 375.56
1310 290.43
1320 48.89
1330 49.11
1340 49.32
1350 49.53
1360 49.74
1370 49.95
1380 50.16
1390 152.32
1400 50.99
1410 259.31
1420 157.99
1430 159.88
1440 53.52
1450 53.73
1460 53.94
1470 54.16
1480 54.36
1490 54.57
1500 54.79
1510 54.99
1520 55.21
1530 55.41
1540 55.62
1550 112.17
1560 113.00
1570 113.86
1580 57.08
1590 231.37
1600 116.78
1610 58.57
1620 58.77
1630 118.48
1640 119.30
1650 59.83
1660 60.04
1670 121.01
1680 121.83
1690 122.67
1700 123.51
1710 61.92
1720 377.43
1730 127.29
1740 63.81
1750 258.26
1760 130.23
1770 65.29
1780 131.50
1790 65.92
1800 66.14
1810 66.34
1820 268.34
1830 477.92
1840 138.21
1850 69.27
1860 69.50
1870 69.70
1880 140.34
1890 426.63
1900 71.58
1910 289.36
1920 219.16
1930 594.14
1940 74.95
1950 75.17
1960 75.38
1970 75.59
1980 152.10
1990 76.23
2000 230.50
2010 77.08
2020 311.23
2030 78.10
2040 78.32
2050 78.54
2060 237.45
2070 159.24
2080 646.27
2090 81.46
2100 163.88
2110 580.90
2120 251.94
2130 168.91
2140 84.62
2150 84.84
2160 85.05
2170 85.27
2180 85.46
2190 85.68
2200 85.89
2210 259.52
2220 86.72
2230 86.94
2240 174.81
2250 175.63
2260 176.48
2270 625.04
2280 270.85
2290 181.53
2300 90.92
2310 91.14
2320 91.36
2330 91.57
2340 91.77
2350 91.99
2360 277.80
2370 279.69
2380 470.55
2390 94.50
2400 94.73
2410 190.36
2420 95.34
2430 191.62
2440 192.45
2450 96.40
2460 388.58
2470 293.55
2480 98.07
2490 98.30
2500 197.51
2510 198.34
2520 199.18
2530 200.02
2540 200.87
2550 201.70
2560 101.02
2570 101.23
2580 203.38
2590 101.85
2600 102.07
2610 205.08
2620 205.90
2630 103.13
2640 415.47
2650 104.17
2660 104.38
2670 104.60
2680 104.80
2690 105.01
2700 105.23
2710 317.52
2720 106.07
2730 106.27
2740 106.49
2750 106.69
2760 106.91
2770 107.11
2780 323.20
2790 433.98
2800 547.26
2810 886.75
2820 111.53
2830 223.99
2840 112.15
2850 112.37
2860 112.58
2870 112.79
2880 113.00
2890 340.86
2900 113.84
2910 114.04
2920 114.26
2930 114.48
2940 345.26
2950 115.31
2960 814.85
2970 117.00
2980 117.22
2990 235.34
3000 117.83
3010 118.05
3020 118.25
3030 118.47
3040 118.67
3050 118.88
3060 238.70
3070 119.51
3080 239.96
3090 361.67
3100 363.56
3110 121.41
3120 121.62
3130 121.82
3140 122.03
3150 245.02
3160 122.66
3170 246.27
3180 123.30
3190 123.52
3200 123.72
3210 123.93
3220 124.13
3230 249.21
3240 627.14
3250 125.82
3260 126.04
3270 126.24
3280 380.58
3290 127.08
3300 255.09
3310 513.01
3320 128.56
3330 387.52
3340 129.39
3350 259.72
3360 260.55
3370 130.45
3380 261.81
3390 262.66
3400 528.13
3410 132.33
3420 132.55
3430 266.02
3440 266.87
3450 267.71
3460 134.02
3470 134.22
3480 269.39
3490 405.80
3500 271.50
3510 272.34
3520 410.21
3530 274.43
3540 137.37
3550 137.59
3560 137.80
3570 276.54
3580 1115.43
3590 140.10
3600 140.34
3610 989.94
3620 142.01
3630 142.22
3640 142.43
3650 429.13
3660 143.26
3670 143.48
3680 143.68
3690 432.92
3700 725.94
3710 145.57
3720 145.79
3730 146.00
3740 292.93
3750 293.76
3760 442.38
3770 1189.41
3780 299.22
3790 601.29
3800 453.10
3810 151.26
3820 303.44
3830 151.88
3840 304.70
3850 612.22
3860 461.30
3870 153.99
3880 308.90
3890 465.08
3900 623.15
3910 312.68
3920 156.51
3930 156.73
3940 314.37
3950 157.34
3960 315.63
3970 157.98
3980 316.88
3990 477.06
4000 159.24
4010 159.46
4020 640.80
4030 482.74
4040 322.78
4050 1137.10
4060 163.02
4070 163.24
4080 163.44
4090 492.19
4100 494.09
4110 164.92
4120 165.12
4130 165.34
4140 331.61
4150 165.96
4160 166.17
4170 166.39
4180 166.60
4190 166.81
4200 167.01
4210 502.92
4220 336.23
4230 337.08
4240 337.91
4250 169.12
4260 509.24
4270 340.43
4280 170.38
4290 170.59
4300 1029.46
4310 690.40
4320 346.32
4330 347.16
4340 173.75
4350 873.08
4360 175.01
4370 175.22
4380 175.43
4390 351.78
4400 176.05
4410 530.04
4420 176.90
4430 532.56
4440 534.44
4450 178.37
4460 716.49
4470 539.48
4480 180.04
4490 542.02
4500 180.90
4510 544.53
4520 181.74
4530 547.05
4540 182.58
4550 182.78
4560 1287.18
4570 369.43
4580 184.88
4590 185.10
4600 371.13
4610 371.95
4620 559.67
4630 374.06
4640 187.21
4650 187.40
4660 187.62
4670 187.82
4680 943.49
4690 568.49
4700 379.94
4710 190.15
4720 381.21
4730 382.05
4740 191.19
4750 191.40
4760 191.61
4770 191.83
4780 192.03
4790 1158.11
4800 970.81
4810 194.55
4820 194.77
4830 1371.01
4840 393.40
4850 196.86
4860 197.07
4870 197.29
4880 395.48
4890 396.33
4900 198.34
4910 198.54
4920 398.01
4930 199.18
4940 1200.96
4950 200.64
4960 200.86
4970 201.07
4980 403.06
4990 606.34
5000 405.16

Lap 7
10 0.52
20 12.17
30 0.37
40 0.24
50 0.32
60 0.26
70 0.19
80 0.18
90 0.16
100 9.77
110 0.45
120 10.59
130 0.30
140 8.65
150 0.32
160 7.64
170 0.19
180 7.21
190 0.20
200 5.61
210 0.17
220 4.48
230 0.37
240 4.69
250 0.33
260 0.21
270 0.64
280 1.07
290 7.17
300 5.27
310 3.15
320 3.57
330 3.99
340 29.68
350 5.39
360 5.62
370 5.82
380 6.04
390 12.99
400 6.65
410 44.94
420 8.13
430 8.34
440 8.57
450 8.77
460 8.97
470 9.20
480 9.41
490 19.70
500 20.54
510 21.38
520 10.86
530 22.65
540 11.50
550 129.05
560 13.80
570 14.02
580 14.23
590 29.37
600 30.20
610 31.06
620 48.30
630 16.33
640 16.54
650 16.76
660 16.96
670 17.17
680 71.63
690 36.94
700 37.78
710 19.07
720 39.04
730 39.88
740 40.72
750 41.56
760 107.99
770 22.00
780 161.61
790 23.68
800 23.89
810 24.11
820 24.32
830 49.55
840 24.95
850 50.81
860 77.92
870 26.21
880 53.33
890 26.84
900 82.34
910 55.85
920 28.11
930 86.12
940 28.95
950 29.15
960 89.28
970 30.00
980 30.20
990 61.32
1000 30.84
1010 190.81
1020 32.29
1030 32.50
1040 65.94
1050 66.78
1060 33.55
1070 137.20
1080 69.72
1090 70.56
1100 71.39
1110 35.87
1120 36.08
1130 73.09
1140 36.71
1150 36.92
1160 37.13
1170 75.18
1180 37.76
1190 76.44
1200 77.28
1210 38.81
1220 39.02
1230 39.24
1240 200.47
1250 40.49
1260 81.90
1270 41.13
1280 125.21
1290 84.42
1300 215.19
1310 175.86
1320 44.26
1330 89.48
1340 90.32
1350 91.15
1360 91.99
1370 46.17
1380 93.25
1390 46.80
1400 47.01
1410 47.23
1420 143.49
1430 194.36
1440 48.89
1450 49.11
1460 49.32
1470 99.55
1480 49.96
1490 50.16
1500 101.24
1510 205.27
1520 51.62
1530 104.18
1540 52.26
1550 52.47
1560 105.87
1570 53.11
1580 107.12
1590 107.96
1600 54.14
1610 109.23
1620 54.77
1630 166.20
1640 55.61
1650 55.83
1660 56.05
1670 284.54
1680 173.10
1690 116.37
1700 176.27
1710 58.98
1720 59.19
1730 59.41
1740 59.62
1750 59.83
1760 60.03
1770 60.26
1780 182.59
1790 122.67
1800 123.50
1810 61.93
1820 62.14
1830 62.35
1840 62.56
1850 62.77
1860 254.05
1870 63.82
1880 258.25
1890 195.82
1900 65.49
1910 65.72
1920 65.92
1930 132.76
1940 133.60
1950 66.97
1960 67.18
1970 203.39
1980 136.54
1990 68.44
2000 137.81
2010 138.65
2020 69.48
2030 69.71
2040 69.91
2050 70.13
2060 354.94
2070 215.37
2080 72.01
2090 144.97
2100 292.72
2110 73.48
2120 147.90
2130 74.11
2140 74.33
2150 74.54
2160 150.00
2170 75.17
2180 75.38
2190 151.68
2200 76.00
2210 384.39
2220 155.03
2230 77.69
2240 234.92
2250 157.56
2260 78.94
2270 79.16
2280 79.38
2290 79.58
2300 79.79
2310 80.01
2320 160.94
2330 406.43
2340 81.67
2350 81.90
2360 497.27
2370 83.35
2380 251.95
2390 253.84
2400 84.82
2410 85.05
2420 171.03
2430 171.86
2440 608.85
2450 352.41
2460 266.45
2470 178.58
2480 815.07
2490 91.35
2500 91.56
2510 91.79
2520 184.47
2530 371.75
2540 280.97
2550 93.87
2560 188.68
2570 189.51
2580 94.92
2590 286.63
2600 579.22
2610 97.02
2620 97.25
2630 195.40
2640 97.86
2650 98.08
2660 197.09
2670 197.91
2680 198.76
2690 99.54
2700 99.76
2710 99.98
2720 504.18
2730 101.23
2740 203.39
2750 101.86
2760 410.43
2770 102.91
2780 206.74
2790 103.55
2800 208.00
2810 313.75
2820 633.45
2830 106.06
2840 427.25
2850 107.12
2860 215.15
2870 107.75
2880 107.94
2890 108.17
2900 108.38
2910 108.58
2920 108.80
2930 218.52
2940 109.43
2950 109.64
2960 330.76
2970 110.48
2980 668.76
2990 111.94
3000 112.16
3010 112.37
3020 566.19
3030 801.61
3040 115.11
3050 115.31
3060 115.51
3070 115.73
3080 115.95
3090 232.81
3100 116.57
3110 1061.01
3120 237.85
3130 119.10
3140 720.47
3150 362.93
3160 121.20
3170 121.40
3180 243.75
3190 122.03
3200 245.00
3210 369.27
3220 123.29
3230 247.53
3240 622.95
3250 376.16
3260 251.73
3270 252.56
3280 253.41
3290 254.26
3300 255.08
3310 127.72
3320 127.92
3330 256.77
3340 128.55
3350 258.04
3360 129.18
3370 650.27
3380 261.40
3390 130.87
3400 131.08
3410 395.09
3420 529.83
3430 132.76
3440 132.97
3450 133.17
3460 133.39
3470 806.24
3480 270.23
3490 271.06
3500 135.70
3510 135.91
3520 136.12
3530 273.18
3540 136.75
3550 136.96
3560 137.17
3570 275.27
3580 276.11
3590 694.40
3600 699.67
3610 281.16
3620 140.75
3630 282.42
3640 141.37
3650 283.68
3660 142.00
3670 284.96
3680 429.13
3690 431.03
3700 143.89
3710 433.55
3720 144.73
3730 581.96
3740 145.78
3750 439.23
3760 293.77
3770 147.05
3780 295.03
3790 295.88
3800 148.10
3810 148.31
3820 297.56
3830 597.93
3840 149.78
3850 149.99
3860 150.20
3870 452.47
3880 151.04
3890 151.26
3900 151.46
3910 608.86
3920 305.54
3930 152.93
3940 460.67
3950 153.77
3960 153.99
3970 463.83
3980 621.46
3990 468.23
4000 156.30
4010 470.77
4020 157.13
4030 157.36
4040 157.55
4050 316.06
4060 475.80
4070 477.70
4080 159.46
4090 480.23
4100 321.09
4110 321.94
4120 161.13
4130 161.35
4140 485.88
4150 324.88
4160 325.72
4170 163.02
4180 326.98
4190 327.82
4200 493.46
4210 495.35
4220 331.19
4230 498.51
4240 166.38
4250 166.59
4260 166.81
4270 670.23
4280 842.60
4290 168.92
4300 338.75
4310 169.54
4320 340.01
4330 170.18
4340 170.37
4350 170.60
4360 170.81
4370 514.27
4380 688.73
4390 345.47
4400 519.95
4410 696.30
4420 174.38
4430 1052.17
4440 528.77
4450 353.47
4460 709.75
4470 177.74
4480 356.41
4490 178.37
4500 357.67
4510 179.00
4520 179.21
4530 539.50
4540 541.38
4550 361.87
4560 544.56
4570 181.73
4580 181.94
4590 182.14
4600 365.24
4610 182.78
4620 550.21
4630 183.62
4640 183.84
4650 368.60
4660 554.64
4670 370.70
4680 185.52
4690 558.42
4700 560.29
4710 374.49
4720 375.33
4730 376.16
4740 188.25
4750 188.47
4760 377.85
4770 189.09
4780 569.14
4790 571.01
4800 190.57
4810 190.76
4820 190.98
4830 382.89
4840 383.73
4850 192.04
4860 577.96
4870 192.87
4880 193.07
4890 387.11
4900 777.02
4910 584.90
4920 782.88
4930 196.03
4940 196.24
4950 196.44
4960 196.66
4970 394.24
4980 593.09
4990 197.92
5000 396.74

Lap 8
10 1.14
20 0.56
30 0.45
40 0.54
50 0.49
60 0.38
70 0.27
80 0.61
90 0.74
100 1.88
110 0.50
120 0.84
130 10.77
140 0.33
150 9.19
160 0.47
170 7.91
180 0.35
190 7.04
200 0.51
210 6.79
220 0.49
230 5.19
240 0.35
250 4.57
260 5.29
270 4.01
280 5.27
290 3.15
300 11.37
310 8.34
320 17.91
330 35.70
340 20.54
350 22.43
360 15.92
370 16.75
380 36.32
390 9.40
400 19.70
410 20.55
420 10.45
430 10.66
440 22.22
450 98.14
460 12.97
470 26.84
480 13.61
490 13.81
500 14.01
510 14.23
520 14.44
530 29.80
540 46.40
550 98.76
560 34.42
570 35.25
580 150.27
590 39.45
600 40.29
610 62.17
620 42.40
630 21.37
640 134.07
650 46.19
660 23.26
670 47.44
680 23.89
690 24.11
700 24.32
710 24.53
720 24.74
730 50.38
740 25.36
750 25.58
760 25.79
770 26.01
780 26.21
790 53.33
800 26.84
810 27.05
820 82.98
830 84.86
840 86.76
850 58.78
860 59.64
870 29.99
880 91.80
890 221.93
900 32.29
910 32.52
920 32.72
930 66.36
940 33.35
950 33.57
960 137.20
970 34.62
980 34.83
990 70.56
1000 35.46
1010 108.19
1020 36.28
1030 148.13
1040 37.34
1050 37.55
1060 37.76
1070 154.00
1080 78.12
1090 159.06
1100 40.07
1110 40.29
1120 40.50
1130 40.73
1140 82.32
1150 125.21
1160 431.70
1170 88.62
1180 44.48
1190 44.70
1200 44.91
1210 136.57
1220 45.73
1230 45.97
1240 92.83
1250 46.59
1260 94.10
1270 47.22
1280 95.36
1290 144.77
1300 345.49
1310 49.94
1320 50.16
1330 50.38
1340 101.68
1350 50.99
1360 51.22
1370 51.42
1380 51.63
1390 51.84
1400 157.35
1410 105.87
1420 268.77
1430 108.80
1440 54.57
1450 54.79
1460 110.48
1470 55.40
1480 111.75
1490 112.58
1500 56.46
1510 171.23
1520 57.30
1530 57.52
1540 57.73
1550 57.94
1560 58.14
1570 176.29
1580 118.48
1590 59.40
1600 119.74
1610 60.03
1620 60.25
1630 243.97
1640 309.75
1650 251.53
1660 319.23
1670 64.23
1680 64.45
1690 64.66
1700 130.24
1710 131.08
1720 264.98
1730 66.54
1740 134.04
1750 202.77
1760 620.22
1770 69.69
1780 140.34
1790 283.46
1800 71.17
1810 215.38
1820 144.53
1830 291.88
1840 147.05
1850 73.70
1860 73.90
1870 74.12
1880 74.33
1890 74.54
1900 74.75
1910 226.09
1920 75.58
1930 75.80
1940 152.54
1950 153.35
1960 76.84
1970 154.62
1980 155.49
1990 77.89
2000 156.73
2010 157.56
2020 238.07
2030 79.59
2040 79.79
2050 241.23
2060 80.63
2070 80.84
2080 326.37
2090 81.90
2100 164.72
2110 165.54
2120 82.94
2130 83.15
2140 167.25
2150 168.06
2160 84.20
2170 84.42
2180 84.62
2190 84.84
2200 85.05
2210 171.03
2220 344.85
2230 86.51
2240 86.73
2250 262.04
2260 87.57
2270 531.31
2280 89.03
2290 268.99
2300 180.26
2310 90.29
2320 90.52
2330 90.73
2340 457.94
2350 91.99
2360 184.89
2370 185.72
2380 93.04
2390 93.25
2400 281.59
2410 94.08
2420 189.10
2430 94.72
2440 94.93
2450 95.13
2460 95.35
2470 191.62
2480 289.14
2490 96.60
2500 96.83
2510 194.56
2520 97.44
2530 195.83
2540 98.06
2550 296.10
2560 98.92
2570 99.13
2580 199.19
2590 99.75
2600 200.45
2610 708.91
2620 101.85
2630 204.66
2640 102.48
2650 102.70
2660 102.91
2670 103.12
2680 311.23
2690 418.00
2700 527.31
2710 105.85
2720 212.63
2730 106.48
2740 106.68
2750 106.91
2760 322.57
2770 324.46
2780 108.37
2790 108.59
2800 108.80
2810 218.52
2820 109.42
2830 440.70
2840 221.46
2850 110.89
2860 222.72
2870 111.53
2880 111.74
2890 224.41
2900 565.13
2910 113.42
2920 456.68
2930 114.47
2940 114.67
2950 114.89
2960 346.54
2970 115.73
2980 115.94
2990 116.14
3000 350.31
3010 234.50
3020 117.41
3030 472.93
3040 237.43
3050 477.69
3060 119.72
3070 119.93
3080 361.67
3090 363.55
3100 121.40
3110 488.63
3120 368.59
3130 1243.03
3140 125.18
3150 125.40
3160 125.62
3170 125.82
3180 252.56
3190 253.41
3200 126.87
3210 127.08
3220 511.33
3230 256.77
3240 257.61
3250 518.04
3260 390.68
3270 130.44
3280 130.65
3290 130.87
3300 262.66
3310 131.49
3320 396.35
3330 398.24
3340 132.95
3350 133.18
3360 133.39
3370 133.59
3380 133.81
3390 134.02
3400 134.23
3410 134.44
3420 134.65
3430 405.80
3440 544.12
3450 547.48
3460 550.84
3470 276.53
3480 277.37
3490 138.86
3500 139.06
3510 139.28
3520 279.47
3530 139.90
3540 562.62
3550 1421.70
3560 143.05
3570 143.26
3580 143.48
3590 143.68
3600 288.31
3610 144.32
3620 144.52
3630 726.99
3640 292.09
3650 146.21
3660 293.35
3670 294.18
3680 888.21
3690 148.52
3700 297.98
3710 298.81
3720 149.56
3730 300.08
3740 300.92
3750 150.62
3760 150.84
3770 910.91
3780 152.30
3790 458.79
3800 153.14
3810 153.35
3820 153.57
3830 153.77
3840 308.49
3850 154.40
3860 309.75
3870 310.58
3880 311.42
3890 468.87
3900 156.50
3910 313.95
3920 157.14
3930 157.34
3940 315.63
3950 157.98
3960 158.19
3970 158.40
3980 158.61
3990 158.82
4000 159.02
4010 159.25
4020 159.46
4030 319.83
4040 320.67
4050 160.51
4060 160.72
4070 160.92
4080 161.14
4090 161.35
4100 323.62
4110 161.97
4120 977.76
4130 491.57
4140 493.46
4150 329.92
4160 165.12
4170 165.34
4180 165.54
4190 332.03
4200 166.18
4210 500.40
4220 167.02
4230 334.97
4240 335.81
4250 336.65
4260 337.49
4270 338.33
4280 509.22
4290 169.96
4300 170.18
4310 170.38
4320 341.69
4330 171.02
4340 859.42
4350 172.26
4360 1213.60
4370 173.95
4380 523.72
4390 174.80
4400 350.53
4410 351.37
4420 175.84
4430 352.62
4440 176.47
4450 176.68
4460 176.89
4470 177.10
4480 177.32
4490 355.57
4500 177.94
4510 894.09
4520 179.22
4530 179.42
4540 179.62
4550 179.85
4560 360.60
4570 180.48
4580 180.68
4590 543.92
4600 181.51
4610 181.74
4620 181.93
4630 730.77
4640 734.14
4650 183.84
4660 184.04
4670 184.26
4680 184.46
4690 555.26
4700 371.12
4710 931.92
4720 374.06
4730 187.20
4740 375.32
4750 187.83
4760 376.59
4770 566.61
4780 189.09
4790 569.13
4800 761.88
4810 190.77
4820 382.48
4830 191.40
4840 191.62
4850 191.82
4860 192.03
4870 577.96
4880 967.67
4890 388.36
4900 194.35
4910 780.37
4920 195.40
4930 195.60
4940 195.82
4950 196.03
4960 196.23
4970 196.45
4980 196.65
4990 196.86
5000 197.08

Lap 9
10 0.15
20 0.03
30 0.37
40 0.02
50 0.04
60 0.09
70 0.02
80 0.33
90 0.32
100 3.10
110 0.30
120 2.30
130 0.22
140 1.52
150 0.28
160 0.85
170 0.33
180 0.05
190 0.01
200 0.58
210 0.01
220 0.02
230 0.01
240 0.22
250 1.48
260 1.26
270 8.01
280 2.87
290 10.11
300 2.44
310 8.63
320 17.99
330 5.20
340 11.30
350 5.82
360 3.71
370 6.73
380 17.77
390 7.29
400 7.51
410 7.71
420 15.04
430 17.18
440 8.76
450 8.97
460 9.19
470 9.40
480 9.62
490 20.12
500 31.90
510 10.87
520 22.64
530 11.49
540 23.89
550 24.74
560 12.56
570 12.76
580 26.42
590 13.39
600 13.60
610 28.11
620 14.23
630 29.37
640 30.20
650 31.06
660 98.75
670 34.42
680 17.39
690 17.59
700 17.80
710 36.51
720 18.44
730 96.44
740 19.69
750 19.91
760 82.55
770 20.96
780 64.69
790 21.80
800 22.01
810 22.22
820 22.42
830 22.64
840 22.85
850 23.06
860 23.27
870 47.45
880 48.28
890 74.14
900 24.94
910 76.67
920 25.79
930 26.00
940 189.56
950 27.67
960 56.28
970 28.31
980 28.51
990 28.74
1000 28.94
1010 29.14
1020 59.21
1030 90.52
1040 61.31
1050 93.69
1060 95.57
1070 64.67
1080 98.73
1090 33.14
1100 67.19
1110 68.04
1120 34.20
1130 69.29
1140 70.14
1150 35.24
1160 71.39
1170 35.87
1180 72.66
1190 148.13
1200 37.33
1210 113.86
1220 38.17
1230 77.28
1240 38.81
1250 39.02
1260 39.24
1270 79.38
1280 39.86
1290 203.61
1300 82.74
1310 41.54
1320 41.76
1330 127.10
1340 42.58
1350 42.81
1360 218.33
1370 44.06
1380 44.28
1390 134.67
1400 45.11
1410 45.32
1420 184.28
1430 140.34
1440 142.22
1450 389.02
1460 99.12
1470 251.96
1480 102.07
1490 102.92
1500 156.10
1510 158.00
1520 159.88
1530 53.51
1540 53.73
1550 108.39
1560 109.22
1570 165.55
1580 111.32
1590 168.70
1600 56.46
1610 113.86
1620 114.69
1630 115.52
1640 116.37
1650 474.76
1660 120.56
1670 60.45
1680 183.22
1690 61.29
1700 61.50
1710 123.94
1720 62.13
1730 62.35
1740 379.96
1750 257.40
1760 64.65
1770 64.88
1780 65.08
1790 131.08
1800 65.71
1810 198.98
1820 66.55
1830 66.76
1840 66.97
1850 614.55
1860 69.07
1870 69.29
1880 139.49
1890 140.32
1900 70.33
1910 284.32
1920 71.38
1930 216.00
1940 72.23
1950 145.38
1960 219.78
1970 221.67
1980 148.73
1990 74.53
2000 74.75
2010 74.98
2020 75.17
2030 227.36
2040 152.51
2050 76.43
2060 153.78
2070 232.40
2080 234.29
2090 236.17
2100 78.95
2110 79.17
2120 79.37
2130 79.59
2140 79.79
2150 894.53
2160 82.31
2170 165.55
2180 166.39
2190 420.10
2200 84.42
2210 84.63
2220 84.83
2230 342.34
2240 172.27
2250 86.30
2260 260.78
2270 350.74
2280 87.98
2290 265.82
2300 267.71
2310 89.45
2320 179.85
2330 90.09
2340 181.11
2350 181.94
2360 458.99
2370 370.92
2380 93.03
2390 93.26
2400 93.45
2410 187.83
2420 188.67
2430 189.50
2440 94.93
2450 190.78
2460 95.56
2470 192.04
2480 96.19
2490 96.39
2500 193.73
2510 292.30
2520 195.82
2530 196.66
2540 98.49
2550 496.83
2560 300.50
2570 201.29
2580 100.80
2590 202.55
2600 203.40
2610 306.80
2620 205.48
2630 102.91
2640 103.12
2650 415.48
2660 104.16
2670 104.39
2680 209.68
2690 210.53
2700 105.43
2710 211.80
2720 533.60
2730 214.73
2740 432.29
2750 217.25
2760 218.10
2770 109.21
2780 219.36
2790 220.19
2800 221.04
2810 221.89
2820 111.11
2830 111.31
2840 223.56
2850 111.95
2860 337.70
2870 567.24
2880 113.84
2890 114.05
2900 459.19
2910 230.72
2920 231.54
2930 115.94
2940 349.68
2950 705.35
2960 236.58
2970 118.47
2980 237.85
2990 238.70
3000 239.54
3010 240.38
3020 120.36
3030 241.64
3040 242.49
3050 121.40
3060 366.08
3070 122.25
3080 368.63
3090 123.08
3100 123.30
3110 371.76
3120 498.72
3130 502.08
3140 125.82
3150 126.03
3160 126.24
3170 126.45
3180 508.81
3190 255.50
3200 127.92
3210 385.63
3220 128.76
3230 128.98
3240 129.18
3250 129.39
3260 520.58
3270 1183.96
3280 265.17
3290 399.50
3300 267.29
3310 133.81
3320 673.39
3330 270.65
3340 271.48
3350 135.91
3360 546.64
3370 274.43
3380 275.27
3390 276.11
3400 138.22
3410 138.44
3420 417.15
3430 699.67
3440 281.15
3450 140.74
3460 140.96
3470 424.73
3480 426.61
3490 428.50
3500 143.05
3510 143.28
3520 143.47
3530 432.30
3540 144.31
3550 144.54
3560 144.73
3570 436.08
3580 145.58
3590 438.59
3600 146.41
3610 146.64
3620 589.52
3630 295.88
3640 296.70
3650 745.92
3660 600.45
3670 150.41
3680 604.65
3690 151.46
3700 151.67
3710 151.88
3720 763.77
3730 769.03
3740 154.20
3750 464.45
3760 310.58
3770 311.42
3780 312.27
3790 313.11
3800 156.72
3810 156.93
3820 157.14
3830 315.21
3840 157.77
3850 157.98
3860 634.93
3870 159.03
3880 478.96
3890 159.87
3900 160.07
3910 321.11
3920 160.71
3930 160.93
3940 161.13
3950 161.34
3960 161.55
3970 161.77
3980 161.97
3990 977.76
4000 163.44
4010 821.59
4020 164.71
4030 495.97
4040 165.55
4050 165.76
4060 499.14
4070 166.59
4080 501.65
4090 335.39
4100 504.81
4110 168.49
4120 168.69
4130 677.80
4140 1194.47
4150 171.22
4160 343.37
4170 344.23
4180 518.05
4190 346.33
4200 347.15
4210 173.75
4220 348.42
4230 349.26
4240 350.10
4250 175.22
4260 880.44
4270 176.47
4280 176.69
4290 176.90
4300 1245.98
4310 716.47
4320 179.41
4330 179.64
4340 179.83
4350 180.03
4360 723.21
4370 181.09
4380 545.15
4390 181.93
4400 182.16
4410 182.36
4420 548.95
4430 183.21
4440 367.34
4450 183.84
4460 184.05
4470 184.25
4480 184.46
4490 184.67
4500 184.88
4510 370.69
4520 185.51
4530 185.73
4540 185.93
4550 372.80
4560 186.57
4570 186.77
4580 938.22
4590 188.04
4600 755.15
4610 378.67
4620 760.20
4630 190.35
4640 381.62
4650 382.46
4660 191.40
4670 191.62
4680 191.81
4690 192.03
4700 384.98
4710 192.66
4720 192.87
4730 193.08
4740 193.30
4750 387.50
4760 193.92
4770 194.14
4780 194.34
4790 194.56
4800 194.75
4810 390.45
4820 587.41
4830 196.02
4840 196.24
4850 787.93
4860 593.08
4870 197.91
4880 198.12
4890 198.34
4900 397.61
4910 398.45
4920 199.39
4930 399.70
4940 200.02
4950 601.91
4960 200.85
4970 201.07
4980 201.28
4990 403.47
5000 404.32

Lap 10
10 0.98
20 0.23
30 0.22
40 0.23
50 0.18
60 0.12
70 0.13
80 0.10
90 0.60
100 2.28
110 0.40
120 1.56
130 1.09
140 1.27
150 0.16
160 0.78
170 10.33
180 0.24
190 8.49
200 0.15
210 6.94
220 0.10
230 6.07
240 0.18
250 0.22
260 0.63
270 1.05
280 5.06
290 2.31
300 2.75
310 10.11
320 2.44
330 8.63
340 2.84
350 10.30
360 21.99
370 12.56
380 20.55
390 7.09
400 15.08
410 7.71
420 7.93
430 8.14
440 8.34
450 17.61
460 28.11
470 30.00
480 20.99
490 44.73
500 11.49
510 11.71
520 11.91
530 12.13
540 12.36
550 12.55
560 12.76
570 12.97
580 26.84
590 13.60
600 28.11
610 59.02
620 30.63
630 64.07
640 16.33
650 16.54
660 33.99
670 17.17
680 35.26
690 36.10
700 18.23
710 18.43
720 37.78
730 38.62
740 19.48
750 19.69
760 40.31
770 20.32
780 20.54
790 20.75
800 107.99
810 44.50
820 22.43
830 22.63
840 22.84
850 23.06
860 47.03
870 47.87
880 24.11
890 74.14
900 24.94
910 25.16
920 103.57
930 106.93
940 27.05
950 55.01
960 141.63
970 28.73
980 58.36
990 29.37
1000 120.38
1010 30.41
1020 61.73
1030 62.57
1040 31.45
1050 96.21
1060 65.09
1070 32.73
1080 66.35
1090 33.36
1100 67.61
1110 33.98
1120 68.87
1130 34.61
1140 70.14
1150 35.24
1160 35.45
1170 144.75
1180 36.50
1190 186.82
1200 76.01
1210 38.19
1220 38.39
1230 117.02
1240 78.96
1250 79.80
1260 121.44
1270 81.90
1280 41.12
1290 83.17
1300 126.48
1310 42.37
1320 42.59
1330 42.81
1340 86.53
1350 175.88
1360 44.26
1370 89.47
1380 90.32
1390 45.32
1400 91.58
1410 45.95
1420 46.17
1430 46.38
1440 93.67
1450 47.01
1460 47.22
1470 47.43
1480 95.76
1490 48.06
1500 195.22
1510 98.71
1520 200.25
1530 203.61
1540 51.21
1550 51.42
1560 51.63
1570 51.85
1580 52.06
1590 52.27
1600 52.47
1610 105.86
1620 160.51
1630 162.40
1640 54.36
1650 54.57
1660 165.57
1670 55.42
1680 111.75
1690 56.03
1700 169.98
1710 114.26
1720 57.29
1730 57.52
1740 57.73
1750 116.38
1760 58.35
1770 117.64
1780 58.98
1790 118.88
1800 119.73
1810 181.31
1820 60.66
1830 183.85
1840 123.51
1850 61.93
1860 62.14
1870 251.54
1880 63.18
1890 515.13
1900 65.07
1910 65.30
1920 330.79
1930 66.54
1940 66.76
1950 66.98
1960 134.86
1970 135.71
1980 68.02
1990 136.98
2000 68.64
2010 347.59
2020 140.32
2030 70.34
2040 70.54
2050 70.76
2060 286.00
2070 216.64
2080 218.53
2090 73.05
2100 369.67
2110 149.15
2120 149.99
2130 75.16
2140 75.38
2150 151.68
2160 76.00
2170 307.02
2180 232.39
2190 234.29
2200 394.86
2210 79.37
2220 239.96
2230 241.85
2240 162.19
2250 163.03
2260 81.69
2270 81.89
2280 82.11
2290 165.13
2300 249.42
2310 83.35
2320 251.96
2330 84.19
2340 84.42
2350 84.63
2360 255.73
2370 517.42
2380 173.96
2390 87.14
2400 175.22
2410 176.06
2420 176.90
2430 267.09
2440 89.25
2450 815.09
2460 183.21
2470 91.76
2480 370.08
2490 186.15
2500 93.24
2510 93.45
2520 93.67
2530 188.26
2540 284.09
2550 94.93
2560 190.78
2570 287.89
2580 289.78
2590 96.81
2600 292.30
2610 97.66
2620 97.87
2630 196.67
2640 396.13
2650 99.33
2660 199.61
2670 99.96
2680 605.71
2690 101.44
2700 203.80
2710 102.07
2720 308.07
2730 206.32
2740 103.32
2750 103.55
2760 208.00
2770 313.75
2780 210.11
2790 210.96
2800 318.14
2810 427.24
2820 430.62
2830 433.96
2840 108.79
2850 109.01
2860 218.94
2870 109.64
2880 441.53
2890 110.69
2900 110.89
2910 334.55
2920 111.72
2930 337.07
2940 225.67
2950 112.99
2960 113.21
2970 685.17
2980 345.27
2990 347.15
3000 115.95
3010 116.15
3020 233.24
3030 116.78
3040 234.49
3050 235.32
3060 117.84
3070 236.60
3080 118.46
3090 836.93
3100 240.79
3110 241.64
3120 120.98
3130 364.81
3140 121.83
3150 367.33
3160 369.24
3170 123.28
3180 123.51
3190 372.39
3200 124.35
3210 124.56
3220 250.05
3230 250.89
3240 125.61
3250 378.69
3260 126.44
3270 1149.92
3280 386.88
3290 129.18
3300 129.39
3310 129.61
3320 129.81
3330 130.03
3340 130.23
3350 130.44
3360 130.66
3370 262.24
3380 263.08
3390 396.34
3400 398.24
3410 132.97
3420 133.17
3430 133.39
3440 133.60
3450 402.66
3460 134.44
3470 676.55
3480 135.69
3490 135.91
3500 272.75
3510 273.59
3520 274.43
3530 275.27
3540 276.11
3550 138.22
3560 695.46
3570 1123.85
3580 282.83
3590 283.68
3600 570.18
3610 429.77
3620 287.47
3630 288.30
3640 144.31
3650 289.56
3660 144.95
3670 290.82
3680 878.12
3690 146.84
3700 590.36
3710 147.89
3720 148.10
3730 148.31
3740 297.55
3750 148.94
3760 149.15
3770 900.83
3780 150.62
3790 302.18
3800 151.25
3810 151.46
3820 303.86
3830 917.23
3840 153.35
3850 616.43
3860 309.32
3870 154.82
3880 310.59
3890 311.43
3900 155.87
3910 1098.84
3920 157.54
3930 316.06
3940 316.89
3950 317.73
3960 159.03
3970 159.25
3980 319.41
3990 159.87
4000 160.08
4010 160.29
4020 805.82
4030 161.56
4040 486.51
4050 162.39
4060 162.60
4070 489.68
4080 491.58
4090 493.46
4100 826.83
4110 165.75
4120 165.96
4130 666.88
4140 502.29
4150 335.80
4160 336.65
4170 676.13
4180 1362.63
4190 342.53
4200 343.38
4210 171.84
4220 172.06
4230 172.28
4240 172.48
4250 172.68
4260 172.90
4270 520.58
4280 173.74
4290 523.10
4300 349.69
4310 350.52
4320 880.43
4330 353.46
4340 531.93
4350 177.52
4360 177.73
4370 893.04
4380 538.24
4390 179.63
4400 179.83
4410 180.05
4420 361.04
4430 361.87
4440 362.74
4450 728.25
4460 365.23
4470 549.58
4480 183.42
4490 736.66
4500 554.62
4510 185.10
4520 185.30
4530 185.52
4540 371.97
4550 186.15
4560 747.58
4570 187.20
4580 187.41
4590 375.74
4600 188.04
4610 377.01
4620 188.67
4630 378.27
4640 189.31
4650 189.51
4660 189.72
4670 1144.23
4680 382.89
4690 383.73
4700 192.03
4710 384.98
4720 579.22
4730 193.29
4740 193.49
4750 387.93
4760 973.95
4770 390.87
4780 391.72
4790 196.03
4800 392.98
4810 591.21
4820 197.28
4830 990.76
4840 397.61
4850 198.97
4860 199.18
4870 399.27
4880 199.80
4890 200.01
4900 200.24
4910 401.39
4920 1412.24
4930 608.22
4940 202.96
4950 203.16
4960 203.37
4970 407.71
4980 204.01
4990 408.96
5000 615.14
