Lap 1
10 11.63
20 0.20
30 0.21
40 0.22
50 0.16
60 0.14
70 0.14
80 0.12
90 11.62
100 0.30
110 0.36
120 0.42
130 7.59
140 0.26
150 8.17
160 0.20
170 7.82
180 0.17
190 7.14
200 0.12
210 6.31
220 0.17
230 4.97
240 1.23
250 3.66
260 1.83
270 2.23
280 2.64
290 3.04
300 7.10
310 0.54
320 45.63
330 5.80
340 6.01
350 6.22
360 13.31
370 29.31
380 15.74
390 8.02
400 25.88
410 8.84
420 18.58
430 39.86
440 21.00
450 21.83
460 11.07
470 11.27
480 11.47
490 11.68
500 49.59
510 25.87
520 26.68
530 27.49
540 28.30
550 29.11
560 29.91
570 15.13
580 31.14
590 31.95
600 66.61
610 69.85
620 54.44
630 18.36
640 18.57
650 18.77
660 38.44
670 19.38
680 19.59
690 19.78
700 61.13
710 106.13
720 43.69
730 67.21
740 22.61
750 46.13
760 46.94
770 72.07
780 24.25
790 49.37
800 50.19
810 76.94
820 52.21
830 79.97
840 26.88
850 27.09
860 55.04
870 55.86
880 143.62
890 58.69
900 59.50
910 29.92
920 122.54
930 62.34
940 31.33
950 31.54
960 129.02
970 32.55
980 99.43
990 33.35
1000 33.57
1010 68.01
1020 34.17
1030 139.56
1040 35.17
1050 35.38
1060 35.59
1070 108.54
1080 36.39
1090 110.98
1100 37.19
1110 37.41
1120 37.61
1130 37.81
1140 76.52
1150 155.77
1160 118.87
1170 80.17
1180 40.24
1190 81.39
1200 40.85
1210 124.35
1220 41.66
1230 41.86
1240 42.08
1250 42.27
1260 571.45
1270 45.09
1280 91.12
1290 91.93
1300 46.13
1310 140.18
1320 94.34
1330 47.34
1340 47.54
1350 47.75
1360 96.41
1370 48.34
1380 48.55
1390 48.76
1400 48.96
1410 98.82
1420 49.57
1430 49.77
1440 49.97
1450 202.78
1460 154.15
1470 51.58
1480 51.80
1490 104.49
1500 52.40
1510 52.62
1520 159.61
1530 270.27
1540 109.35
1550 54.83
1560 55.04
1570 166.92
1580 168.72
1590 227.91
1600 57.27
1610 57.48
1620 57.67
1630 233.59
1640 117.84
1650 238.45
1660 59.89
1670 60.11
1680 60.31
1690 244.13
1700 61.31
1710 61.53
1720 186.36
1730 62.32
1740 315.88
1750 320.92
1760 129.61
1770 64.95
1780 196.69
1790 669.49
1800 273.31
1810 68.61
1820 207.64
1830 69.42
1840 351.33
1850 213.10
1860 287.06
1870 144.60
1880 145.42
1890 146.23
1900 73.27
1910 370.57
1920 74.48
1930 74.69
1940 301.68
1950 75.70
1960 75.91
1970 152.72
1980 230.75
1990 154.75
2000 77.53
2010 155.97
2020 235.60
2030 157.97
2040 79.15
2050 159.20
2060 564.31
2070 81.18
2080 163.26
2090 164.05
2100 82.19
2110 248.37
2120 83.00
2130 83.21
2140 167.31
2150 83.81
2160 84.01
2170 84.22
2180 84.42
2190 255.06
2200 85.23
2210 85.44
2220 171.77
2230 86.04
2240 86.24
2250 86.45
2260 86.65
2270 174.21
2280 87.25
2290 87.46
2300 87.66
2310 87.86
2320 265.40
2330 88.67
2340 88.89
2350 268.42
2360 179.86
2370 180.68
2380 181.47
2390 90.90
2400 91.10
2410 91.32
2420 91.51
2430 91.72
2440 91.91
2450 92.13
2460 185.14
2470 92.73
2480 92.92
2490 280.59
2500 187.98
2510 94.13
2520 189.20
2530 94.75
2540 94.96
2550 479.00
2560 96.17
2570 485.07
2580 97.39
2590 97.60
2600 97.79
2610 98.00
2620 394.89
2630 99.01
2640 198.92
2650 99.61
2660 200.13
2670 100.22
2680 100.42
2690 201.76
2700 202.57
2710 101.43
2720 101.64
2730 306.72
2740 102.45
2750 205.80
2760 103.06
2770 103.26
2780 103.46
2790 416.76
2800 104.47
2810 209.86
2820 210.66
2830 105.49
2840 105.69
2850 318.89
2860 106.50
2870 321.32
2880 107.31
2890 215.52
2900 107.92
2910 108.11
2920 108.33
2930 108.53
2940 108.73
2950 437.83
2960 219.99
2970 110.15
2980 221.20
2990 110.76
3000 110.96
3010 222.83
3020 448.39
3030 112.38
3040 112.58
3050 112.79
3060 112.98
3070 113.19
3080 570.18
3090 229.32
3100 114.81
3110 230.53
3120 115.42
3130 115.63
3140 348.66
3150 233.36
3160 116.83
3170 234.58
3180 235.38
3190 117.84
3200 118.06
3210 118.26
3220 475.94
3230 119.27
3240 119.47
3250 119.68
3260 360.85
3270 241.47
3280 120.89
3290 121.09
3300 243.10
3310 121.69
3320 121.90
3330 122.11
3340 122.31
3350 245.52
3360 122.92
3370 123.12
3380 123.32
3390 620.84
3400 374.81
3410 125.14
3420 251.19
3430 252.00
3440 126.16
3450 126.35
3460 253.63
3470 254.43
3480 127.37
3490 255.65
3500 127.98
3510 128.18
3520 515.66
3530 258.90
3540 129.60
3550 652.25
3560 262.13
3570 131.23
3580 527.81
3590 397.92
3600 533.48
3610 133.66
3620 133.85
3630 134.06
3640 404.00
3650 813.79
3660 272.67
3670 136.49
3680 136.69
3690 411.91
3700 413.72
3710 276.73
3720 138.52
3730 277.95
3740 139.13
3750 279.16
3760 139.74
3770 139.93
3780 280.78
3790 140.55
3800 140.76
3810 140.95
3820 282.80
3830 425.89
3840 142.16
3850 142.37
3860 142.57
3870 286.05
3880 574.84
3890 144.00
3900 144.21
3910 289.29
3920 144.80
3930 145.00
3940 290.93
3950 584.55
3960 293.35
3970 294.15
3980 591.05
3990 296.59
4000 148.45
4010 148.65
4020 597.54
4030 149.66
4040 149.87
4050 602.40
4060 150.88
4070 151.09
4080 151.29
4090 151.50
4100 914.69
4110 613.75
4120 307.94
4130 308.75
4140 154.53
4150 154.73
4160 310.38
4170 311.18
4180 311.99
4190 156.14
4200 785.00
4210 315.24
4220 157.77
4230 157.97
4240 158.18
4250 317.25
4260 158.79
4270 478.17
4280 479.99
4290 160.20
4300 321.31
4310 645.35
4320 974.27
4330 162.83
4340 326.58
4350 163.44
4360 163.65
4370 163.85
4380 164.05
4390 164.26
4400 164.46
4410 164.67
4420 164.86
4430 165.07
4440 165.27
4450 165.46
4460 165.68
4470 332.25
4480 500.05
4490 166.89
4500 167.09
4510 167.30
4520 167.50
4530 335.92
4540 168.11
4550 168.30
4560 168.52
4570 168.71
4580 168.92
4590 1019.26
4600 170.32
4610 170.54
4620 341.98
4630 342.80
4640 1033.85
4650 346.03
4660 173.17
4670 173.38
4680 173.58
4690 348.06
4700 348.88
4710 174.59
4720 174.80
4730 526.20
4740 528.02
4750 352.93
4760 176.62
4770 176.82
4780 177.02
4790 177.23
4800 533.49
4810 535.32
4820 357.78
4830 179.06
4840 719.12
4850 180.06
4860 180.27
4870 180.47
4880 361.84
4890 181.08
4900 909.62
4910 548.08
4920 182.90
4930 550.52
4940 552.34
4950 184.32
4960 184.52
4970 741.01
4980 185.53
4990 185.73
5000 185.94

Lap 2
10 0.40
20 0.32
30 0.25
40 0.21
50 0.16
60 0.17
70 0.17
80 0.14
90 12.48
100 0.28
110 9.36
120 0.27
130 10.80
140 0.27
150 8.10
160 0.25
170 7.95
180 0.18
190 5.12
200 0.13
210 5.61
220 0.27
230 5.28
240 0.23
250 0.21
260 0.61
270 2.23
280 3.45
290 4.66
300 5.89
310 3.45
320 3.85
330 13.39
340 14.92
350 5.20
360 5.40
370 20.74
380 35.20
390 40.27
400 17.36
410 8.84
420 28.32
430 9.65
440 9.86
450 20.61
460 32.56
470 22.63
480 11.48
490 11.68
500 11.88
510 12.09
520 25.07
530 12.70
540 12.90
550 26.68
560 13.50
570 13.72
580 28.30
590 44.11
600 45.94
610 31.55
620 15.93
630 16.13
640 16.34
650 33.57
660 16.95
670 17.15
680 17.35
690 17.56
700 73.09
710 37.63
720 18.99
730 19.18
740 79.57
750 82.83
760 108.15
770 22.01
780 44.92
790 22.62
800 22.82
810 23.03
820 46.95
830 23.64
840 48.16
850 48.97
860 49.78
870 25.06
880 51.00
890 51.82
900 106.32
910 81.79
920 83.63
930 56.67
940 28.51
950 28.70
960 117.67
970 29.71
980 90.92
990 124.16
1000 127.39
1010 64.76
1020 32.55
1030 32.75
1040 100.04
1050 101.85
1060 34.15
1070 34.38
1080 69.63
1090 141.99
1100 35.78
1110 109.16
1120 73.68
1130 150.10
1140 76.11
1150 38.22
1160 38.41
1170 38.63
1180 38.83
1190 118.27
1200 79.76
1210 40.04
1220 80.99
1230 123.13
1240 41.25
1250 167.93
1260 42.27
1270 85.44
1280 42.88
1290 86.66
1300 43.48
1310 43.70
1320 43.89
1330 406.49
1340 138.93
1350 331.68
1360 145.02
1370 48.56
1380 98.01
1390 299.46
1400 50.37
1410 360.07
1420 51.99
1430 264.20
1440 160.82
1450 53.82
1460 54.03
1470 108.95
1480 109.75
1490 110.58
1500 55.44
1510 55.65
1520 112.19
1530 56.25
1540 113.41
1550 56.85
1560 57.07
1570 57.27
1580 115.44
1590 233.57
1600 177.24
1610 299.65
1620 182.10
1630 122.32
1640 61.31
1650 123.53
1660 61.92
1670 62.13
1680 125.15
1690 62.73
1700 126.38
1710 127.19
1720 63.74
1730 63.96
1740 193.65
1750 130.02
1760 65.16
1770 65.38
1780 65.57
1790 132.05
1800 132.86
1810 66.58
1820 66.79
1830 270.06
1840 136.10
1850 68.21
1860 137.32
1870 207.64
1880 139.34
1890 69.82
1900 70.03
1910 70.24
1920 70.43
1930 213.12
1940 71.24
1950 71.45
1960 71.65
1970 216.76
1980 72.45
1990 72.67
2000 72.87
2010 73.08
2020 73.29
2030 147.44
2040 148.25
2050 74.28
2060 74.49
2070 74.69
2080 150.29
2090 75.30
2100 304.10
2110 307.35
2120 77.11
2130 155.16
2140 77.72
2150 77.93
2160 235.60
2170 157.98
2180 79.14
2190 159.21
2200 79.74
2210 160.42
2220 405.02
2230 163.24
2240 164.06
2250 918.16
2260 84.40
2270 255.07
2280 170.94
2290 258.09
2300 86.24
2310 86.45
2320 86.65
2330 86.85
2340 87.05
2350 87.25
2360 87.46
2370 175.83
2380 88.06
2390 88.28
2400 88.48
2410 267.21
2420 89.27
2430 269.66
2440 90.08
2450 181.09
2460 90.70
2470 182.30
2480 91.31
2490 91.52
2500 368.94
2510 372.19
2520 93.33
2530 187.57
2540 188.37
2550 94.34
2560 189.60
2570 94.96
2580 190.81
2590 95.56
2600 192.02
2610 96.18
2620 290.32
2630 194.44
2640 97.38
2650 97.60
2660 97.80
2670 493.18
2680 99.00
2690 398.96
2700 100.01
2710 100.23
2720 100.42
2730 303.09
2740 611.92
2750 102.44
2760 102.65
2770 102.86
2780 206.62
2790 103.46
2800 103.67
2810 103.87
2820 104.07
2830 419.19
2840 105.09
2850 211.07
2860 105.69
2870 105.90
2880 106.10
2890 213.11
2900 213.91
2910 214.71
2920 323.75
2930 108.12
2940 108.32
2950 217.56
2960 108.93
2970 109.13
2980 109.34
2990 329.82
3000 110.15
3010 110.35
3020 221.62
3030 558.02
3040 111.98
3050 112.17
3060 112.38
3070 338.95
3080 226.88
3090 686.11
3100 345.62
3110 115.42
3120 348.05
3130 467.03
3140 234.58
3150 353.54
3160 236.60
3170 118.46
3180 118.66
3190 357.81
3200 239.45
3210 240.26
3220 120.28
3230 605.64
3240 733.52
3250 122.71
3260 493.77
3270 123.73
3280 123.93
3290 124.13
3300 249.17
3310 375.42
3320 251.20
3330 505.14
3340 126.56
3350 254.03
3360 127.17
3370 383.33
3380 385.15
3390 257.68
3400 128.99
3410 129.20
3420 129.40
3430 129.60
3440 129.81
3450 260.52
3460 392.44
3470 394.27
3480 396.09
3490 132.24
3500 265.37
3510 132.84
3520 266.60
3530 133.45
3540 402.18
3550 674.54
3560 135.27
3570 135.48
3580 681.63
3590 273.89
3600 688.72
3610 138.12
3620 555.38
3630 278.76
3640 139.53
3650 279.97
3660 140.14
3670 140.34
3680 564.29
3690 141.36
3700 141.56
3710 284.03
3720 142.17
3730 428.31
3740 142.99
3750 286.86
3760 143.58
3770 143.78
3780 143.99
3790 144.19
3800 289.30
3810 435.61
3820 145.41
3830 731.27
3840 441.08
3850 294.98
3860 592.66
3870 297.40
3880 447.77
3890 149.46
3900 299.83
3910 150.06
3920 452.03
3930 150.88
3940 151.08
3950 303.07
3960 151.69
3970 304.29
3980 918.33
3990 770.80
4000 309.56
4010 154.93
4020 466.61
4030 468.45
4040 470.26
4050 156.96
4060 472.69
4070 474.52
4080 476.34
4090 158.99
4100 159.19
4110 479.38
4120 481.20
4130 483.04
4140 161.22
4150 485.45
4160 162.03
4170 1141.66
4180 492.14
4190 164.26
4200 329.42
4210 495.80
4220 165.47
4230 331.85
4240 166.08
4250 667.25
4260 334.68
4270 503.71
4280 168.10
4290 337.12
4300 676.97
4310 680.21
4320 170.33
4330 855.92
4340 171.55
4350 516.47
4360 172.36
4370 172.56
4380 172.76
4390 172.97
4400 173.18
4410 347.25
4420 173.77
4430 173.99
4440 174.18
4450 349.28
4460 174.79
4470 174.99
4480 175.20
4490 175.41
4500 351.71
4510 352.52
4520 353.33
4530 709.40
4540 177.63
4550 356.17
4560 535.91
4570 178.85
4580 179.05
4590 179.25
4600 179.45
4610 179.66
4620 179.85
4630 722.36
4640 180.86
4650 362.65
4660 545.65
4670 182.09
4680 365.08
4690 549.31
4700 367.11
4710 552.34
4720 184.32
4730 184.52
4740 369.94
4750 370.76
4760 371.57
4770 1307.63
4780 375.21
4790 376.03
4800 188.17
4810 755.61
4820 189.18
4830 189.38
4840 569.97
4850 190.20
4860 381.29
4870 382.12
4880 191.20
4890 960.29
4900 578.48
4910 774.24
4920 1362.95
4930 979.52
4940 196.27
4950 196.48
4960 393.86
4970 592.46
4980 395.89
4990 595.49
5000 397.91

Lap 3
10 0.26
20 0.32
30 0.22
40 0.16
50 0.15
60 0.13
70 0.23
80 0.23
90 11.68
100 0.30
110 10.75
120 0.38
130 8.65
140 0.25
150 6.49
160 0.17
170 7.03
180 0.12
190 6.31
200 0.17
210 5.02
220 0.23
230 4.74
240 0.16
250 1.23
260 5.28
270 2.04
280 2.43
290 2.84
300 3.24
310 3.65
320 4.06
330 14.00
340 4.81
350 38.36
360 13.30
370 6.82
380 22.23
390 15.74
400 34.19
410 18.16
420 9.25
430 19.39
440 9.86
450 42.31
460 10.86
470 34.39
480 23.84
490 37.42
500 25.87
510 13.10
520 13.30
530 13.52
540 27.89
550 43.50
560 14.72
570 30.33
580 15.32
590 15.53
600 31.95
610 32.76
620 33.56
630 16.96
640 34.77
650 17.56
660 17.75
670 17.96
680 36.81
690 56.87
700 58.70
710 60.53
720 20.39
730 84.45
740 21.41
750 43.70
760 44.52
770 45.32
780 22.82
790 23.02
800 23.23
810 145.04
820 24.64
830 101.46
840 51.80
850 52.62
860 53.43
870 81.80
880 27.49
890 27.69
900 171.78
910 88.48
920 90.32
930 30.32
940 30.52
950 30.73
960 30.92
970 62.75
980 31.54
990 63.96
1000 64.78
1010 65.58
1020 32.95
1030 33.16
1040 33.36
1050 33.55
1060 102.46
1070 34.37
1080 140.36
1090 107.33
1100 35.98
1110 36.20
1120 36.40
1130 73.69
1140 37.00
1150 227.72
1160 38.41
1170 196.31
1180 39.62
1190 39.84
1200 203.39
1210 41.05
1220 41.26
1230 83.42
1240 41.87
1250 42.07
1260 85.04
1270 85.85
1280 86.66
1290 43.48
1300 87.87
1310 44.12
1320 179.28
1330 45.10
1340 183.33
1350 46.12
1360 46.33
1370 46.53
1380 46.73
1390 46.93
1400 142.59
1410 144.42
1420 97.18
1430 147.45
1440 49.35
1450 251.03
1460 101.66
1470 50.98
1480 102.87
1490 51.58
1500 51.80
1510 157.19
1520 105.70
1530 106.52
1540 161.43
1550 54.02
1560 108.95
1570 54.62
1580 165.70
1590 55.44
1600 168.13
1610 284.46
1620 57.26
1630 408.29
1640 177.85
1650 59.49
1660 59.70
1670 59.91
1680 181.50
1690 60.71
1700 183.93
1710 123.52
1720 124.34
1730 251.41
1740 63.13
1750 63.36
1760 63.55
1770 63.75
1780 63.98
1790 64.15
1800 64.35
1810 64.56
1820 64.77
1830 64.97
1840 130.83
1850 65.56
1860 466.46
1870 476.37
1880 207.01
1890 69.22
1900 69.42
1910 69.63
1920 69.83
1930 424.69
1940 287.07
1950 72.06
1960 585.81
1970 148.25
1980 74.27
1990 74.50
2000 74.71
2010 74.90
2020 75.11
2030 151.09
2040 304.92
2050 230.74
2060 77.11
2070 311.39
2080 78.14
2090 157.17
2100 157.98
2110 158.78
2120 79.56
2130 79.75
2140 79.96
2150 404.03
2160 81.17
2170 81.38
2180 81.57
2190 81.79
2200 81.98
2210 82.19
2220 82.40
2230 165.69
2240 82.99
2250 83.21
2260 83.41
2270 83.60
2280 168.13
2290 168.91
2300 84.61
2310 84.83
2320 256.27
2330 171.77
2340 433.40
2350 87.05
2360 87.25
2370 87.47
2380 87.67
2390 87.86
2400 354.36
2410 88.87
2420 89.08
2430 89.28
2440 450.62
2450 90.48
2460 273.29
2470 91.30
2480 460.76
2490 92.53
2500 279.37
2510 93.33
2520 281.81
2530 94.13
2540 94.35
2550 189.61
2560 94.95
2570 190.81
2580 95.55
2590 95.76
2600 95.97
2610 96.18
2620 96.38
2630 193.65
2640 96.96
2650 194.87
2660 97.59
2670 196.08
2680 98.20
2690 98.40
2700 197.71
2710 99.00
2720 198.93
2730 99.61
2740 200.13
2750 100.22
2760 201.34
2770 100.83
2780 610.71
2790 307.93
2800 102.85
2810 103.07
2820 103.26
2830 520.53
2840 104.48
2850 209.84
2860 210.66
2870 530.67
2880 106.50
2890 106.72
2900 214.32
2910 107.30
2920 215.54
2930 324.95
2940 217.56
2950 108.93
2960 218.77
2970 109.54
2980 109.74
2990 331.04
3000 892.21
3010 112.17
3020 112.38
3030 225.66
3040 112.99
3050 113.19
3060 227.28
3070 228.09
3080 574.23
3090 115.21
3100 347.45
3110 116.02
3120 116.24
3130 116.43
3140 468.64
3150 235.39
3160 117.85
3170 118.05
3180 118.25
3190 475.94
3200 119.27
3210 239.45
3220 119.88
3230 482.42
3240 242.28
3250 121.29
3260 243.50
3270 244.31
3280 122.31
3290 122.51
3300 122.71
3310 246.32
3320 123.32
3330 496.21
3340 124.34
3350 124.53
3360 124.74
3370 501.88
3380 125.76
3390 125.96
3400 126.15
3410 253.22
3420 126.76
3430 766.35
3440 385.76
3450 387.59
3460 129.40
3470 390.01
3480 260.92
3490 656.30
3500 131.63
3510 264.16
3520 132.24
3530 132.43
3540 666.43
3550 267.82
3560 808.90
3570 135.28
3580 407.65
3590 272.67
3600 273.49
3610 136.89
3620 274.71
3630 137.50
3640 137.71
3650 137.90
3660 138.12
3670 138.32
3680 416.76
3690 558.62
3700 280.39
3710 140.34
3720 281.60
3730 282.40
3740 141.36
3750 141.56
3760 284.02
3770 570.78
3780 430.15
3790 143.58
3800 143.78
3810 144.00
3820 144.19
3830 289.30
3840 144.79
3850 290.51
3860 145.41
3870 291.72
3880 292.54
3890 440.48
3900 147.03
3910 442.92
3920 147.84
3930 296.59
3940 297.40
3950 298.21
3960 149.26
3970 299.43
3980 149.87
3990 150.07
4000 452.02
4010 150.89
4020 454.45
4030 151.69
4040 456.88
4050 152.51
4060 305.91
4070 306.71
4080 153.52
4090 153.71
4100 617.79
4110 154.73
4120 466.01
4130 155.54
4140 155.75
4150 155.94
4160 156.16
4170 156.34
4180 156.56
4190 156.76
4200 156.96
4210 157.16
4220 790.05
4230 317.26
4240 158.78
4250 478.17
4260 319.69
4270 642.11
4280 322.12
4290 484.85
4300 486.68
4310 162.43
4320 162.63
4330 326.18
4340 326.99
4350 163.64
4360 328.21
4370 493.97
4380 164.86
4390 165.06
4400 165.28
4410 331.44
4420 665.62
4430 166.68
4440 166.90
4450 502.48
4460 335.90
4470 336.71
4480 337.52
4490 168.93
4500 169.11
4510 339.15
4520 339.96
4530 170.13
4540 512.21
4550 342.38
4560 859.97
4570 865.03
4580 347.26
4590 522.53
4600 174.39
4610 876.18
4620 528.01
4630 176.22
4640 176.41
4650 353.73
4660 888.34
4670 178.04
4680 356.98
4690 178.64
4700 358.20
4710 179.25
4720 179.45
4730 540.19
4740 180.26
4750 361.44
4760 725.60
4770 181.68
4780 181.89
4790 547.47
4800 549.30
4810 183.31
4820 183.50
4830 552.34
4840 184.32
4850 184.52
4860 184.72
4870 184.92
4880 370.76
4890 185.53
4900 185.74
4910 372.37
4920 560.26
4930 374.41
4940 187.35
4950 187.55
4960 187.76
4970 1132.33
4980 568.74
4990 189.79
5000 571.18

Lap 4
10 0.01
20 11.15
30 0.33
40 0.31
50 0.22
60 0.18
70 0.18
80 0.16
90 0.10
100 10.94
110 0.40
120 7.23
130 0.33
140 8.91
150 0.20
160 7.83
170 0.19
180 7.15
190 0.12
200 5.64
210 0.27
220 5.47
230 0.22
240 4.56
250 0.20
260 2.44
270 1.42
280 1.82
290 4.66
300 5.88
310 3.46
320 16.64
330 55.48
340 6.41
350 6.61
360 6.83
370 7.02
380 7.24
390 7.42
400 7.63
410 7.84
420 43.31
430 9.05
440 9.25
450 39.87
460 10.26
470 21.41
480 10.87
490 11.07
500 11.28
510 11.48
520 11.67
530 11.89
540 12.09
550 38.03
560 39.85
570 13.50
580 13.71
590 28.30
600 14.31
610 44.72
620 15.13
630 31.14
640 15.73
650 15.94
660 16.13
670 16.34
680 16.55
690 16.74
700 16.96
710 17.15
720 17.35
730 72.28
740 18.37
750 18.57
760 18.77
770 38.43
780 39.24
790 19.78
800 19.98
810 20.20
820 41.27
830 20.80
840 21.00
850 42.90
860 21.61
870 135.30
880 142.60
890 24.24
900 24.44
910 49.78
920 25.05
930 51.00
940 25.66
950 105.51
960 108.75
970 112.00
980 28.30
990 28.50
1000 28.71
1010 28.90
1020 29.10
1030 29.31
1040 29.50
1050 59.91
1060 122.53
1070 157.79
1080 31.93
1090 32.14
1100 164.89
1110 33.34
1120 33.56
1130 33.76
1140 68.41
1150 104.30
1160 70.44
1170 71.25
1180 35.79
1190 35.99
1200 36.19
1210 36.40
1220 36.59
1230 36.80
1240 37.01
1250 150.91
1260 38.02
1270 38.23
1280 77.33
1290 38.83
1300 78.54
1310 39.44
1320 39.64
1330 39.84
1340 40.04
1350 40.24
1360 40.45
1370 40.66
1380 82.20
1390 41.26
1400 83.41
1410 126.78
1420 42.47
1430 42.68
1440 129.83
1450 43.47
1460 132.26
1470 134.07
1480 90.31
1490 45.31
1500 230.76
1510 188.18
1520 47.33
1530 143.81
1540 48.15
1550 48.35
1560 48.56
1570 98.00
1580 49.17
1590 49.36
1600 301.90
1610 50.78
1620 102.47
1630 103.27
1640 51.79
1650 51.99
1660 52.20
1670 52.42
1680 52.60
1690 52.81
1700 268.25
1710 54.03
1720 54.23
1730 219.81
1740 55.23
1750 55.45
1760 224.67
1770 113.41
1780 56.85
1790 57.07
1800 57.27
1810 349.32
1820 117.85
1830 59.08
1840 59.30
1850 240.08
1860 121.10
1870 183.32
1880 185.14
1890 61.92
1900 62.12
1910 125.15
1920 189.40
1930 63.35
1940 63.54
1950 128.00
1960 193.65
1970 130.01
1980 65.16
1990 65.37
2000 65.57
2010 65.80
2020 65.98
2030 132.85
2040 133.66
2050 134.48
2060 67.38
2070 67.60
2080 136.11
2090 136.90
2100 68.61
2110 138.13
2120 69.22
2130 69.42
2140 69.63
2150 69.83
2160 140.55
2170 70.44
2180 70.64
2190 70.84
2200 214.33
2210 288.68
2220 218.57
2230 220.41
2240 73.67
2250 73.88
2260 74.09
2270 74.30
2280 74.50
2290 300.86
2300 75.50
2310 304.93
2320 153.52
2330 154.33
2340 233.16
2350 156.35
2360 78.33
2370 236.81
2380 238.64
2390 79.75
2400 79.96
2410 80.17
2420 80.36
2430 161.63
2440 80.97
2450 81.18
2460 245.34
2470 81.97
2480 164.88
2490 82.58
2500 166.09
2510 166.90
2520 336.51
2530 84.42
2540 84.63
2550 255.66
2560 171.35
2570 85.83
2580 172.58
2590 86.43
2600 261.14
2610 175.00
2620 441.51
2630 88.67
2640 88.88
2650 178.65
2660 89.47
2670 89.68
2680 89.89
2690 90.09
2700 272.07
2710 90.90
2720 91.11
2730 183.13
2740 276.32
2750 92.31
2760 372.20
2770 93.33
2780 281.82
2790 94.13
2800 379.50
2810 95.16
2820 95.36
2830 95.56
2840 288.50
2850 96.37
2860 193.67
2870 292.13
2880 689.15
2890 99.00
2900 198.94
2910 99.61
2920 200.13
2930 100.21
2940 100.42
2950 506.34
2960 101.64
2970 204.17
2980 618.00
2990 103.47
3000 312.20
3010 104.27
3020 104.48
3030 104.67
3040 210.26
3050 105.28
3060 105.50
3070 105.69
3080 105.89
3090 106.10
3100 213.11
3110 213.91
3120 107.11
3130 107.30
3140 215.53
3150 216.34
3160 108.32
3170 217.56
3180 218.35
3190 109.34
3200 109.54
3210 109.75
3220 441.91
3230 110.75
3240 110.96
3250 111.16
3260 223.24
3270 111.77
3280 111.98
3290 112.17
3300 112.38
3310 112.59
3320 112.78
3330 340.17
3340 456.49
3350 344.43
3360 230.53
3370 231.34
3380 232.14
3390 116.23
3400 116.43
3410 233.77
3420 117.03
3430 117.24
3440 117.45
3450 117.64
3460 236.20
3470 118.26
3480 118.45
3490 237.83
3500 119.06
3510 239.05
3520 601.59
3530 120.69
3540 120.90
3550 121.09
3560 243.10
3570 366.32
3580 245.12
3590 122.70
3600 369.96
3610 123.53
3620 123.73
3630 123.93
3640 124.11
3650 124.33
3660 625.90
3670 125.55
3680 125.75
3690 125.95
3700 126.16
3710 253.22
3720 254.03
3730 127.17
3740 127.37
3750 127.58
3760 256.05
3770 128.18
3780 128.38
3790 646.18
3800 259.71
3810 130.00
3820 130.23
3830 261.32
3840 262.13
3850 262.95
3860 131.63
3870 131.82
3880 397.32
3890 132.65
3900 132.84
3910 133.05
3920 400.96
3930 537.55
3940 269.83
3950 135.08
3960 135.28
3970 135.48
3980 271.86
3990 272.67
4000 136.49
4010 136.70
4020 136.90
4030 274.71
4040 137.50
4050 137.71
4060 137.91
4070 276.73
4080 695.82
4090 139.54
4100 139.73
4110 280.38
4120 281.19
4130 140.76
4140 282.40
4150 283.22
4160 569.15
4170 142.58
4180 142.77
4190 286.46
4200 143.38
4210 1156.47
4220 436.81
4230 145.81
4240 1175.91
4250 147.62
4260 1040.97
4270 149.25
4280 299.42
4290 752.57
4300 150.88
4310 151.09
4320 303.07
4330 151.69
4340 304.28
4350 458.12
4360 306.32
4370 307.13
4380 307.93
4390 154.12
4400 154.33
4410 154.53
4420 154.73
4430 154.93
4440 310.78
4450 624.28
4460 156.35
4470 470.88
4480 157.16
4490 157.37
4500 632.39
4510 476.35
4520 318.47
4530 159.39
4540 640.49
4550 321.31
4560 483.63
4570 323.33
4580 161.82
4590 650.22
4600 162.84
4610 326.58
4620 163.44
4630 656.71
4640 164.45
4650 660.75
4660 165.48
4670 165.67
4680 332.25
4690 166.29
4700 166.48
4710 668.87
4720 167.50
4730 1010.75
4740 338.33
4750 169.32
4760 169.52
4770 169.73
4780 169.92
4790 511.61
4800 513.42
4810 171.36
4820 688.32
4830 691.56
4840 173.17
4850 347.25
4860 173.78
4870 173.99
4880 174.18
4890 174.39
4900 524.98
4910 350.90
4920 351.71
4930 529.24
4940 531.06
4950 177.23
4960 177.42
4970 177.63
4980 177.82
4990 535.32
5000 357.79

Lap 5
10 0.49
20 0.42
30 0.29
40 0.28
50 0.21
60 0.46
70 0.30
80 0.31
90 11.26
100 0.53
110 10.41
120 0.42
130 8.53
140 0.30
150 6.62
160 0.28
170 5.66
180 0.36
190 4.61
200 0.40
210 3.23
220 0.34
230 1.96
240 0.29
250 2.04
260 4.26
270 4.27
280 2.64
290 9.74
300 2.98
310 8.31
320 7.02
330 6.55
340 18.44
350 39.26
360 14.52
370 7.42
380 7.63
390 24.66
400 8.43
410 8.65
420 8.84
430 9.05
440 9.26
450 9.46
460 9.65
470 9.86
480 10.07
490 43.11
500 34.37
510 48.78
520 12.49
530 12.69
540 53.65
550 27.89
560 28.70
570 44.73
580 15.12
590 15.33
600 15.53
610 15.74
620 15.93
630 16.13
640 33.16
650 33.98
660 17.15
670 17.35
680 35.59
690 92.96
700 18.97
710 19.18
720 19.38
730 19.59
740 81.20
750 41.67
760 21.00
770 21.21
780 65.39
790 22.01
800 90.93
810 167.12
820 24.44
830 49.78
840 25.05
850 76.94
860 105.51
870 81.19
880 27.28
890 27.48
900 27.69
910 113.62
920 28.69
930 28.90
940 58.70
950 29.51
960 59.91
970 30.13
980 92.13
990 30.93
1000 31.14
1010 31.33
1020 95.77
1030 32.14
1040 32.34
1050 65.58
1060 32.95
1070 33.16
1080 33.35
1090 170.97
1100 69.62
1110 34.98
1120 70.84
1130 107.94
1140 36.18
1150 185.16
1160 75.30
1170 114.63
1180 38.41
1190 117.05
1200 39.22
1210 39.45
1220 39.63
1230 39.84
1240 40.04
1250 40.24
1260 40.46
1270 40.65
1280 165.49
1290 83.81
1300 42.07
1310 85.04
1320 42.68
1330 173.60
1340 132.26
1350 179.27
1360 136.50
1370 45.74
1380 45.92
1390 139.56
1400 46.72
1410 94.36
1420 95.16
1430 193.06
1440 48.55
1450 98.01
1460 98.82
1470 49.57
1480 49.77
1490 201.99
1500 102.05
1510 102.86
1520 51.58
1530 51.80
1540 104.50
1550 52.40
1560 105.71
1570 160.22
1580 162.04
1590 219.00
1600 110.57
1610 55.45
1620 55.65
1630 112.20
1640 342.01
1650 115.44
1660 57.86
1670 116.66
1680 58.47
1690 58.69
1700 58.89
1710 59.08
1720 59.30
1730 179.68
1740 181.49
1750 60.71
1760 122.33
1770 185.14
1780 124.34
1790 62.32
1800 252.24
1810 127.18
1820 127.98
1830 64.14
1840 129.21
1850 130.02
1860 65.16
1870 197.31
1880 65.97
1890 132.86
1900 133.65
1910 406.45
1920 68.20
1930 68.42
1940 68.61
1950 68.82
1960 138.53
1970 69.42
1980 139.75
1990 70.03
2000 211.90
2010 70.84
2020 142.57
2030 215.53
2040 217.37
2050 72.66
2060 72.87
2070 146.64
2080 73.47
2090 73.69
2100 73.89
2110 223.43
2120 300.86
2130 151.50
2140 152.31
2150 153.11
2160 76.71
2170 154.34
2180 155.16
2190 313.01
2200 316.25
2210 79.35
2220 79.56
2230 160.01
2240 80.17
2250 161.22
2260 80.76
2270 80.98
2280 162.85
2290 81.58
2300 164.05
2310 82.19
2320 82.40
2330 165.68
2340 82.99
2350 83.20
2360 251.42
2370 168.51
2380 169.33
2390 84.81
2400 428.33
2410 86.03
2420 521.98
2430 87.45
2440 87.66
2450 87.86
2460 622.48
2470 179.46
2480 180.27
2490 90.29
2500 181.49
2510 182.29
2520 183.12
2530 276.33
2540 92.31
2550 92.54
2560 185.95
2570 93.12
2580 93.34
2590 187.57
2600 377.86
2610 94.74
2620 477.98
2630 95.96
2640 96.18
2650 193.24
2660 487.10
2670 97.79
2680 98.00
2690 98.20
2700 98.40
2710 98.61
2720 98.81
2730 99.01
2740 398.95
2750 100.01
2760 100.22
2770 302.48
2780 101.03
2790 101.24
2800 101.43
2810 203.77
2820 102.05
2830 102.25
2840 102.46
2850 309.17
2860 103.25
2870 207.45
2880 733.11
2890 211.07
2900 211.88
2910 106.09
2920 106.31
2930 213.51
2940 321.91
2950 540.80
2960 217.55
2970 218.36
2980 219.17
2990 109.75
3000 331.04
3010 892.22
3020 112.17
3030 112.38
3040 112.58
3050 112.79
3060 682.46
3070 114.20
3080 114.41
3090 114.61
3100 577.28
3110 115.82
3120 232.56
3130 467.82
3140 117.24
3150 117.44
3160 117.64
3170 117.85
3180 118.05
3190 355.97
3200 357.79
3210 359.62
3220 120.07
3230 120.29
3240 362.65
3250 121.09
3260 121.29
3270 121.50
3280 243.90
3290 244.71
3300 122.51
3310 245.93
3320 123.11
3330 247.14
3340 123.72
3350 123.94
3360 124.12
3370 249.17
3380 375.42
3390 125.35
3400 125.55
3410 125.76
3420 125.95
3430 126.16
3440 126.35
3450 1535.41
3460 128.99
3470 129.19
3480 389.40
3490 130.01
3500 391.84
3510 262.14
3520 394.87
3530 131.84
3540 132.03
3550 132.25
3560 398.52
3570 400.35
3580 133.66
3590 133.86
3600 268.62
3610 134.47
3620 269.84
3630 406.42
3640 271.87
3650 272.66
3660 273.48
3670 549.70
3680 414.33
3690 416.15
3700 138.92
3710 139.13
3720 139.34
3730 279.56
3740 280.37
3750 140.34
3760 281.61
3770 140.95
3780 141.15
3790 995.55
3800 429.52
3810 1300.15
3820 145.19
3830 145.41
3840 145.61
3850 438.65
3860 587.79
3870 147.24
3880 147.43
3890 295.78
3900 148.03
3910 148.25
3920 148.45
3930 297.82
3940 149.05
3950 149.27
3960 149.47
3970 149.66
3980 149.87
3990 451.42
4000 150.67
4010 302.26
4020 151.29
4030 151.48
4040 151.69
4050 456.89
4060 152.50
4070 459.32
4080 461.14
4090 153.91
4100 308.75
4110 309.56
4120 621.84
4130 155.75
4140 312.39
4150 313.20
4160 314.02
4170 157.16
4180 157.37
4190 315.64
4200 316.44
4210 317.26
4220 158.78
4230 158.99
4240 638.86
4250 160.00
4260 320.91
4270 160.61
4280 160.81
4290 161.01
4300 322.94
4310 161.61
4320 324.15
4330 814.37
4340 163.24
4350 327.39
4360 163.85
4370 164.05
4380 329.01
4390 164.66
4400 330.23
4410 497.02
4420 165.87
4430 166.09
4440 500.04
4450 334.29
4460 671.29
4470 505.52
4480 168.71
4490 338.34
4500 339.14
4510 681.03
4520 512.82
4530 514.64
4540 1035.05
4550 346.44
4560 347.25
4570 173.78
4580 173.98
4590 174.18
4600 174.39
4610 174.59
4620 174.79
4630 526.19
4640 528.02
4650 352.93
4660 176.62
4670 176.82
4680 177.02
4690 354.95
4700 355.75
4710 714.26
4720 358.20
4730 179.25
4740 359.42
4750 179.85
4760 180.07
4770 180.26
4780 542.61
4790 181.08
4800 545.04
4810 364.28
4820 1098.29
4830 367.51
4840 552.94
4850 554.77
4860 370.75
4870 185.53
4880 185.73
4890 185.94
4900 372.77
4910 186.55
4920 186.75
4930 186.95
4940 187.16
4950 375.21
4960 564.50
4970 377.26
4980 188.77
4990 568.13
5000 189.60

Lap 6
10 0.78
20 0.52
30 0.56
40 0.36
50 0.29
60 0.58
70 0.35
80 0.28
90 12.09
100 0.58
110 0.48
120 0.64
130 0.23
140 0.67
150 9.83
160 0.60
170 6.66
180 0.49
190 7.03
200 0.38
210 6.37
220 0.23
230 4.74
240 0.43
250 0.62
260 3.05
270 3.45
280 2.23
290 2.64
300 3.05
310 7.10
320 4.59
330 4.46
340 9.94
350 15.95
360 24.46
370 13.30
380 6.82
390 22.23
400 7.63
410 33.39
420 27.09
430 39.05
440 10.06
450 31.95
460 10.87
470 34.38
480 36.21
490 25.06
500 66.61
510 42.30
520 44.11
530 30.33
540 47.15
550 48.97
560 33.57
570 16.95
580 144.85
590 57.48
600 19.37
610 39.65
620 40.46
630 20.39
640 20.60
650 20.80
660 86.06
670 89.31
680 45.72
690 70.25
700 47.75
710 24.06
720 73.90
730 24.85
740 76.33
750 78.15
760 26.27
770 26.47
780 81.20
790 139.56
800 57.06
810 28.71
820 87.89
830 29.51
840 59.91
850 30.12
860 30.33
870 92.74
880 31.14
890 127.40
900 32.13
910 164.91
920 33.35
930 67.62
940 68.41
950 34.38
960 140.37
970 35.38
980 144.42
990 36.40
1000 148.48
1010 151.71
1020 38.21
1030 38.43
1040 38.63
1050 38.85
1060 39.03
1070 78.96
1080 39.63
1090 39.85
1100 40.04
1110 40.25
1120 40.45
1130 206.43
1140 41.66
1150 255.69
1160 130.42
1170 87.87
1180 133.47
1190 44.70
1200 44.91
1210 45.10
1220 45.32
1230 45.51
1240 45.72
1250 45.92
1260 46.13
1270 140.18
1280 481.05
1290 48.96
1300 49.17
1310 49.36
1320 49.57
1330 150.50
1340 101.25
1350 50.78
1360 50.99
1370 102.87
1380 103.69
1390 104.48
1400 158.40
1410 106.51
1420 107.32
1430 53.81
1440 108.54
1450 54.42
1460 220.62
1470 55.43
1480 111.79
1490 56.05
1500 227.11
1510 288.49
1520 58.08
1530 58.28
1540 117.47
1550 177.85
1560 179.66
1570 60.09
1580 121.12
1590 121.91
1600 61.12
1610 61.32
1620 436.66
1630 62.94
1640 126.78
1650 256.27
1660 64.36
1670 129.62
1680 64.96
1690 65.18
1700 65.36
1710 65.57
1720 65.78
1730 266.02
1740 134.07
1750 202.78
1760 136.09
1770 68.21
1780 68.40
1790 68.61
1800 68.82
1810 69.02
1820 278.98
1830 140.55
1840 141.37
1850 70.83
1860 142.59
1870 215.54
1880 144.60
1890 72.47
1900 219.19
1910 147.03
1920 597.14
1930 379.68
1940 76.31
1950 153.53
1960 154.33
1970 705.56
1980 158.80
1990 239.85
2000 160.82
2010 80.56
2020 80.77
2030 80.98
2040 326.79
2050 81.98
2060 247.77
2070 82.79
2080 166.51
2090 167.29
2100 168.13
2110 84.20
2120 84.42
2130 84.63
2140 84.83
2150 85.02
2160 85.24
2170 171.38
2180 172.16
2190 86.24
2200 173.38
2210 525.59
2220 265.39
2230 88.67
2240 267.82
2250 179.46
2260 361.64
2270 90.70
2280 90.92
2290 91.10
2300 91.32
2310 91.51
2320 183.93
2330 92.12
2340 92.32
2350 559.66
2360 187.97
2370 94.13
2380 284.25
2390 94.95
2400 286.67
2410 95.77
2420 95.98
2430 484.05
2440 292.75
2450 196.08
2460 98.19
2470 98.40
2480 197.71
2490 398.13
2500 99.81
2510 100.02
2520 200.94
2530 100.64
2540 100.83
2550 508.37
2560 204.57
2570 515.47
2580 103.46
2590 207.82
2600 313.41
2610 420.82
2620 211.48
2630 639.90
2640 538.77
2650 216.74
2660 108.53
2670 108.72
2680 327.99
2690 109.54
2700 551.95
2710 222.01
2720 446.77
2730 224.45
2740 112.38
2750 225.67
2760 682.46
2770 343.82
2780 461.35
2790 231.75
2800 116.01
2810 116.23
2820 233.37
2830 234.18
2840 1184.20
2850 119.27
2860 119.46
2870 119.68
2880 119.86
2890 240.66
2900 120.47
2910 241.87
2920 121.08
2930 121.30
2940 365.70
2950 122.11
2960 122.31
2970 122.50
2980 740.81
2990 123.92
3000 124.14
3010 249.17
3020 124.73
3030 124.94
3040 250.78
3050 125.55
3060 252.02
3070 379.68
3080 254.02
3090 510.81
3100 385.14
3110 257.69
3120 648.20
3130 522.15
3140 130.82
3150 262.54
3160 131.42
3170 263.75
3180 132.03
3190 132.24
3200 933.12
3210 268.22
3220 134.27
3230 134.47
3240 134.66
3250 134.88
3260 135.08
3270 407.04
3280 272.27
3290 273.08
3300 136.70
3310 136.90
3320 137.10
3330 137.30
3340 413.72
3350 138.11
3360 416.15
3370 138.92
3380 418.57
3390 139.74
3400 561.87
3410 140.76
3420 140.95
3430 424.66
3440 141.76
3450 427.10
3460 716.09
3470 143.60
3480 432.57
3490 289.28
3500 435.61
3510 291.32
3520 292.13
3530 439.86
3540 737.36
3550 742.43
3560 148.85
3570 598.34
3580 149.86
3590 451.42
3600 150.67
3610 302.26
3620 303.08
3630 303.89
3640 304.69
3650 152.49
3660 152.71
3670 613.74
3680 462.36
3690 154.32
3700 309.56
3710 154.93
3720 622.65
3730 312.39
3740 627.52
3750 630.77
3760 475.12
3770 317.65
3780 158.98
3790 1120.37
3800 160.61
3810 160.81
3820 161.00
3830 646.98
3840 162.03
3850 324.96
3860 162.64
3870 326.17
3880 326.98
3890 163.65
3900 163.85
3910 823.48
3920 662.38
3930 165.87
3940 666.43
3950 166.89
3960 502.48
3970 504.30
3980 168.30
3990 168.52
4000 168.71
4010 168.92
4020 169.12
4030 169.33
4040 339.55
4050 340.35
4060 170.33
4070 1027.76
4080 689.13
4090 172.56
4100 346.04
4110 173.16
4120 347.24
4130 173.78
4140 173.98
4150 174.18
4160 349.27
4170 174.80
4180 174.99
4190 526.79
4200 352.12
4210 529.83
4220 887.31
4230 177.83
4240 178.02
4250 178.24
4260 536.52
4270 358.60
4280 179.45
4290 359.81
4300 360.63
4310 361.42
4320 362.23
4330 363.06
4340 181.68
4350 729.65
4360 549.30
4370 367.10
4380 736.95
4390 184.52
4400 184.71
4410 184.93
4420 185.13
4430 371.16
4440 185.73
4450 559.02
4460 560.84
4470 187.15
4480 375.21
4490 376.02
4500 565.71
4510 378.05
4520 189.18
4530 189.38
4540 569.95
4550 380.89
4560 190.60
4570 382.11
4580 382.90
4590 191.62
4600 191.82
4610 1156.64
4620 193.21
4630 193.44
4640 193.64
4650 193.83
4660 388.59
4670 194.44
4680 194.65
4690 194.85
4700 586.37
4710 195.66
4720 195.87
4730 196.07
4740 393.06
4750 393.86
4760 394.66
4770 197.48
4780 197.69
4790 594.88
4800 198.50
4810 1196.77
4820 1002.81
4830 805.85
4840 201.73
4850 607.05
4860 405.62
4870 406.43
4880 611.30
4890 408.45
4900 409.26
4910 204.77
4920 616.18
4930 411.69
4940 1033.23
4950 207.00
4960 414.94
4970 207.62
4980 207.83
4990 208.02
5000 625.89

Lap 7
10 2.02
20 0.35
30 0.33
40 0.32
50 0.19
60 0.22
70 0.17
80 0.14
90 1.50
100 3.13
110 0.50
120 2.28
130 1.30
140 1.41
150 9.82
160 0.22
170 8.35
180 0.45
190 8.79
200 0.35
210 6.64
220 0.28
230 6.71
240 0.62
250 0.81
260 2.64
270 1.83
280 2.23
290 5.49
300 14.20
310 8.04
320 4.19
330 15.21
340 49.20
350 6.82
360 55.07
370 8.44
380 17.76
390 9.05
400 39.05
410 31.34
420 10.67
430 10.87
440 22.63
450 11.48
460 48.78
470 12.49
480 12.69
490 26.27
500 41.07
510 13.92
520 28.70
530 14.52
540 14.72
550 14.92
560 15.13
570 15.33
580 15.53
590 15.73
600 15.94
610 16.14
620 16.33
630 16.55
640 86.88
650 54.44
660 94.98
670 19.37
680 143.02
690 42.48
700 65.38
710 113.22
720 46.53
730 47.35
740 48.16
750 149.90
760 25.45
770 25.66
780 78.76
790 26.47
800 26.67
810 26.88
820 27.08
830 55.05
840 55.87
850 28.09
860 28.29
870 57.49
880 58.28
890 29.32
900 59.50
910 60.32
920 61.13
930 30.73
940 125.78
950 129.01
960 32.55
970 66.00
980 100.65
990 102.46
1000 175.03
1010 35.38
1020 35.59
1030 35.79
1040 35.99
1050 36.19
1060 36.39
1070 36.60
1080 36.80
1090 74.50
1100 113.42
1110 38.01
1120 115.86
1130 38.82
1140 39.03
1150 280.62
1160 81.79
1170 82.60
1180 41.47
1190 83.82
1200 42.07
1210 85.04
1220 216.57
1230 132.26
1240 89.08
1250 44.71
1260 181.71
1270 138.33
1280 46.32
1290 46.52
1300 93.96
1310 47.14
1320 191.43
1330 48.14
1340 48.35
1350 48.55
1360 197.11
1370 49.56
1380 49.77
1390 49.98
1400 151.72
1410 309.19
1420 51.99
1430 52.20
1440 52.42
1450 105.71
1460 160.22
1470 162.05
1480 163.86
1490 110.16
1500 55.23
1510 55.44
1520 111.79
1530 112.59
1540 113.40
1550 56.86
1560 57.06
1570 115.03
1580 57.67
1590 233.59
1600 117.84
1610 59.09
1620 179.07
1630 59.90
1640 181.51
1650 493.39
1660 125.15
1670 125.97
1680 63.13
1690 63.35
1700 191.83
1710 193.64
1720 326.99
1730 65.77
1740 333.09
1750 134.48
1760 67.38
1770 272.50
1780 68.42
1790 68.62
1800 68.81
1810 69.02
1820 69.22
1830 139.35
1840 140.14
1850 70.22
1860 427.12
1870 71.64
1880 216.75
1890 145.41
1900 72.86
1910 73.08
1920 73.28
1930 73.48
1940 73.67
1950 73.89
1960 74.09
1970 450.24
1980 75.50
1990 75.71
2000 152.31
2010 76.32
2020 463.60
2030 77.72
2040 77.93
2050 473.31
2060 79.34
2070 159.61
2080 79.95
2090 80.18
2100 161.22
2110 162.02
2120 326.80
2130 330.04
2140 166.08
2150 83.20
2160 167.31
2170 168.11
2180 84.20
2190 84.43
2200 84.63
2210 341.39
2220 171.76
2230 86.04
2240 172.98
2250 86.64
2260 86.86
2270 174.61
2280 351.92
2290 88.26
2300 88.47
2310 446.57
2320 89.68
2330 89.89
2340 180.68
2350 181.47
2360 549.91
2370 92.12
2380 92.32
2390 559.66
2400 93.73
2410 283.03
2420 284.84
2430 190.81
2440 95.55
2450 288.50
2460 96.38
2470 290.92
2480 292.75
2490 196.07
2500 196.89
2510 496.21
2520 99.60
2530 99.82
2540 100.02
2550 100.22
2560 100.44
2570 100.63
2580 202.16
2590 509.38
2600 102.25
2610 102.44
2620 102.65
2630 102.85
2640 206.62
2650 415.96
2660 524.57
2670 423.25
2680 212.69
2690 106.51
2700 428.92
2710 215.52
2720 107.92
2730 108.12
2740 217.15
2750 327.38
2760 329.21
2770 220.40
2780 332.26
2790 110.96
2800 111.16
2810 335.31
2820 111.98
2830 112.17
2840 112.38
2850 112.58
2860 681.24
2870 114.00
2880 228.94
2890 345.03
2900 115.21
2910 231.34
2920 232.14
2930 116.23
2940 116.43
2950 116.63
2960 234.17
2970 234.99
2980 117.63
2990 354.75
3000 118.45
3010 118.66
3020 118.87
3030 119.06
3040 239.04
3050 119.68
3060 119.87
3070 120.10
3080 120.29
3090 120.48
3100 120.69
3110 242.28
3120 121.29
3130 243.49
3140 121.90
3150 490.54
3160 369.95
3170 123.53
3180 123.73
3190 372.98
3200 124.53
3210 124.75
3220 124.94
3230 125.14
3240 251.20
3250 252.00
3260 634.02
3270 127.17
3280 127.37
3290 127.58
3300 642.12
3310 128.79
3320 128.99
3330 388.80
3340 260.11
3350 130.21
3360 130.41
3370 130.61
3380 130.82
3390 131.02
3400 131.23
3410 131.42
3420 263.75
3430 264.57
3440 132.44
3450 399.13
3460 669.47
3470 134.26
3480 404.60
3490 135.08
3500 679.61
3510 136.29
3520 136.49
3530 411.30
3540 413.12
3550 276.31
3560 138.31
3570 277.54
3580 278.35
3590 139.33
3600 139.53
3610 139.73
3620 139.94
3630 703.93
3640 141.15
3650 141.35
3660 1283.72
3670 287.26
3680 143.78
3690 288.49
3700 434.40
3710 290.51
3720 145.41
3730 291.72
3740 146.02
3750 146.22
3760 293.34
3770 146.82
3780 147.03
3790 147.24
3800 295.37
3810 147.84
3820 445.34
3830 297.80
3840 298.61
3850 299.43
3860 601.58
3870 150.68
3880 453.85
3890 303.47
3900 456.88
3910 612.12
3920 461.14
3930 153.92
3940 308.75
3950 309.55
3960 621.85
3970 155.74
3980 312.39
3990 156.35
4000 313.62
4010 156.96
4020 157.17
4030 157.37
4040 315.64
4050 157.97
4060 634.82
4070 158.98
4080 159.18
4090 159.40
4100 962.11
4110 969.39
4120 162.03
4130 487.90
4140 162.83
4150 654.28
4160 657.51
4170 495.19
4180 165.27
4190 165.47
4200 664.82
4210 166.48
4220 166.68
4230 166.88
4240 670.49
4250 167.90
4260 168.11
4270 506.13
4280 338.34
4290 509.17
4300 340.36
4310 341.17
4320 170.74
4330 342.38
4340 343.20
4350 344.01
4360 172.17
4370 865.03
4380 347.25
4390 348.06
4400 174.19
4410 174.39
4420 174.58
4430 1053.30
4440 706.14
4450 176.81
4460 532.27
4470 177.63
4480 356.17
4490 356.98
4500 537.14
4510 899.48
4520 723.17
4530 362.65
4540 363.47
4550 181.88
4560 364.68
4570 182.49
4580 182.70
4590 366.30
4600 183.31
4610 183.50
4620 183.72
4630 183.91
4640 368.73
4650 184.52
4660 369.94
4670 370.76
4680 185.53
4690 371.97
4700 372.78
4710 186.55
4720 186.74
4730 562.06
4740 752.36
4750 188.38
4760 188.57
4770 188.77
4780 188.98
4790 1712.32
4800 382.51
4810 383.33
4820 384.12
4830 577.87
4840 773.43
4850 387.79
4860 388.59
4870 194.45
4880 194.65
4890 194.85
4900 390.62
4910 783.99
4920 196.27
4930 590.63
4940 197.08
4950 197.28
4960 593.68
4970 1193.12
4980 399.13
4990 199.71
5000 400.34

Lap 8
10 1.51
20 0.66
30 0.60
40 0.47
50 0.40
60 0.22
70 0.69
80 0.39
90 2.35
100 2.92
110 0.74
120 2.43
130 0.01
140 1.74
150 10.84
160 0.67
170 9.03
180 0.64
190 6.49
200 0.53
210 7.70
220 0.32
230 6.85
240 0.21
250 3.66
260 3.45
270 2.24
280 5.48
290 3.24
300 3.65
310 4.05
320 4.46
330 4.87
340 5.28
350 0.33
360 18.25
370 12.90
380 6.62
390 6.82
400 7.02
410 13.76
420 7.63
430 24.66
440 8.43
450 8.64
460 8.85
470 9.05
480 18.98
490 9.65
500 9.86
510 10.07
520 10.27
530 10.47
540 21.81
550 22.63
560 11.48
570 36.21
580 12.29
590 12.49
600 25.86
610 26.68
620 41.68
630 28.70
640 60.13
650 31.14
660 48.36
670 33.16
680 51.41
690 17.35
700 167.54
710 39.24
720 81.20
730 84.44
740 21.41
750 43.69
760 22.01
770 67.82
780 69.64
790 23.43
800 23.63
810 72.68
820 74.50
830 25.06
840 25.26
850 51.40
860 25.86
870 26.07
880 26.27
890 80.59
900 27.08
910 27.28
920 27.48
930 84.23
940 86.06
950 28.90
960 118.49
970 60.31
980 30.33
990 92.74
1000 94.57
1010 161.85
1020 32.73
1030 167.93
1040 33.95
1050 34.17
1060 104.29
1070 106.11
1080 107.93
1090 36.19
1100 73.27
1110 36.80
1120 74.50
1130 267.85
1140 197.30
1150 80.17
1160 80.98
1170 123.14
1180 41.25
1190 41.46
1200 41.66
1210 41.87
1220 42.07
1230 42.28
1240 85.44
1250 173.60
1260 87.87
1270 133.47
1280 44.69
1290 90.31
1300 45.31
1310 91.51
1320 92.34
1330 46.33
1340 46.52
1350 141.38
1360 47.32
1370 143.81
1380 293.38
1390 99.21
1400 100.03
1410 100.84
1420 50.58
1430 50.78
1440 51.00
1450 102.89
1460 155.96
1470 52.19
1480 52.41
1490 212.52
1500 107.31
1510 108.14
1520 54.21
1530 54.43
1540 54.63
1550 54.84
1560 55.04
1570 110.98
1580 168.12
1590 56.24
1600 285.48
1610 115.41
1620 174.80
1630 58.48
1640 117.87
1650 118.67
1660 179.66
1670 120.69
1680 121.51
1690 60.91
1700 61.11
1710 185.15
1720 186.96
1730 125.56
1740 126.36
1750 127.18
1760 63.74
1770 193.06
1780 326.00
1790 65.59
1800 65.78
1810 132.46
1820 133.26
1830 66.79
1840 134.47
1850 67.39
1860 203.99
1870 68.21
1880 137.30
1890 68.81
1900 278.17
1910 69.82
1920 70.04
1930 211.90
1940 70.83
1950 71.05
1960 214.94
1970 71.85
1980 144.61
1990 72.45
2000 72.67
2010 72.87
2020 73.07
2030 593.90
2040 74.89
2050 226.48
2060 75.69
2070 152.31
2080 76.31
2090 541.63
2100 234.99
2110 78.53
2120 78.75
2130 158.39
2140 79.34
2150 481.85
2160 80.76
2170 80.99
2180 81.17
2190 163.26
2200 81.78
2210 164.48
2220 82.39
2230 82.60
2240 166.09
2250 166.91
2260 83.60
2270 168.13
2280 168.90
2290 84.62
2300 84.82
2310 85.02
2320 85.24
2330 85.44
2340 171.77
2350 86.03
2360 259.92
2370 174.18
2380 175.01
2390 175.81
2400 88.06
2410 266.02
2420 267.83
2430 360.02
2440 90.30
2450 90.50
2460 456.72
2470 183.91
2480 184.74
2490 92.51
2500 655.12
2510 569.36
2520 191.20
2530 192.04
2540 192.84
2550 193.64
2560 96.97
2570 97.18
2580 97.40
2590 293.97
2600 98.19
2610 98.40
2620 98.60
2630 297.63
2640 299.44
2650 301.24
2660 100.62
2670 100.83
2680 101.03
2690 101.24
2700 101.44
2710 101.63
2720 204.18
2730 102.25
2740 205.39
2750 102.86
2760 103.05
2770 103.27
2780 103.47
2790 207.83
2800 104.07
2810 314.01
2820 104.88
2830 316.45
2840 211.88
2850 212.69
2860 213.51
2870 321.93
2880 107.51
2890 324.36
2900 326.17
2910 108.92
2920 109.14
2930 549.90
2940 221.21
2950 333.47
2960 447.58
2970 224.86
2980 225.66
2990 340.17
3000 227.69
3010 228.50
3020 344.43
3030 230.53
3040 231.34
3050 232.13
3060 116.24
3070 116.43
3080 116.63
3090 351.70
3100 117.45
3110 117.64
3120 117.84
3130 118.06
3140 355.97
3150 118.86
3160 119.06
3170 840.92
3180 120.69
3190 363.86
3200 365.70
3210 613.75
3220 867.87
3230 124.54
3240 375.41
3250 125.34
3260 377.86
3270 252.82
3280 253.62
3290 126.96
3300 382.72
3310 127.78
3320 256.46
3330 128.39
3340 128.59
3350 258.09
3360 129.20
3370 129.40
3380 129.60
3390 129.81
3400 260.51
3410 130.42
3420 524.57
3430 263.35
3440 131.82
3450 264.57
3460 132.43
3470 399.13
3480 133.24
3490 133.46
3500 941.65
3510 270.66
3520 271.45
3530 135.88
3540 136.09
3550 273.09
3560 411.30
3570 275.10
3580 275.92
3590 276.73
3600 138.52
3610 417.36
3620 139.33
3630 419.81
3640 421.63
3650 140.76
3660 140.95
3670 141.15
3680 141.36
3690 425.88
3700 284.83
3710 142.58
3720 286.05
3730 286.87
3740 287.67
3750 144.00
3760 144.19
3770 144.40
3780 144.60
3790 144.81
3800 145.00
3810 145.21
3820 145.41
3830 291.72
3840 146.02
3850 292.94
3860 736.36
3870 444.12
3880 148.24
3890 446.55
3900 149.06
3910 448.98
3920 300.23
3930 150.27
3940 150.47
3950 301.86
3960 151.09
3970 303.07
3980 151.69
3990 762.69
4000 459.92
4010 307.54
4020 153.92
4030 773.83
4040 155.13
4050 467.23
4060 155.94
4070 783.97
4080 314.83
4090 315.64
4100 157.96
4110 158.18
4120 317.25
4130 318.07
4140 159.19
4150 159.39
4160 319.69
4170 159.99
4180 320.90
4190 483.04
4200 161.21
4210 161.42
4220 323.75
4230 324.56
4240 488.50
4250 490.33
4260 656.70
4270 164.47
4280 164.65
4290 330.22
4300 663.18
4310 499.44
4320 166.68
4330 334.28
4340 167.30
4350 335.49
4360 167.90
4370 674.54
4380 168.91
4390 508.55
4400 169.73
4410 340.35
4420 341.17
4430 341.98
4440 686.69
4450 171.95
4460 1211.14
4470 173.57
4480 173.78
4490 523.15
4500 876.17
4510 351.71
4520 529.22
4530 353.73
4540 177.02
4550 711.02
4560 178.02
4570 535.92
4580 178.84
4590 538.35
4600 179.66
4610 179.85
4620 180.06
4630 723.17
4640 181.06
4650 363.06
4660 181.68
4670 546.86
4680 182.49
4690 365.89
4700 734.53
4710 368.32
4720 184.32
4730 369.53
4740 184.93
4750 185.13
4760 371.16
4770 185.73
4780 185.93
4790 186.14
4800 373.18
4810 186.75
4820 562.05
4830 187.56
4840 376.02
4850 376.83
4860 188.57
4870 567.52
4880 950.12
4890 190.40
4900 190.59
4910 190.79
4920 191.01
4930 191.21
4940 191.40
4950 191.63
4960 191.81
4970 192.00
4980 192.24
4990 578.48
5000 193.03

Lap 9
10 0.76
20 0.27
30 0.30
40 0.27
50 0.17
60 0.17
70 0.17
80 0.12
90 0.06
100 2.95
110 1.39
120 0.37
130 11.56
140 0.42
150 9.72
160 0.24
170 6.96
180 0.28
190 6.67
200 0.22
210 5.56
220 0.14
230 4.64
240 0.27
250 0.20
260 0.61
270 1.02
280 1.42
290 1.83
300 2.23
310 2.64
320 13.39
330 21.01
340 4.59
350 4.79
360 4.99
370 1.21
380 5.88
390 1.55
400 13.18
410 6.62
420 5.29
430 2.18
440 7.70
450 5.19
460 11.19
470 8.23
480 63.12
490 30.74
500 10.46
510 10.67
520 33.78
530 47.97
540 64.58
550 13.30
560 13.50
570 13.71
580 28.30
590 14.32
600 14.52
610 14.72
620 61.74
630 31.95
640 16.13
650 16.34
660 16.55
670 16.74
680 34.38
690 53.23
700 36.40
710 18.37
720 37.63
730 18.97
740 19.18
750 120.71
760 84.43
770 21.41
780 43.70
790 22.02
800 44.92
810 22.62
820 69.64
830 47.35
840 97.41
850 75.11
860 25.25
870 25.46
880 78.15
890 53.02
900 26.68
910 54.24
920 27.28
930 55.45
940 27.90
950 28.09
960 57.07
970 28.71
980 28.90
990 58.71
1000 150.70
1010 155.76
1020 63.55
1030 31.94
1040 32.14
1050 32.34
1060 98.82
1070 66.79
1080 33.56
1090 68.01
1100 68.83
1110 34.57
1120 177.05
1130 35.78
1140 35.99
1150 109.75
1160 225.28
1170 38.01
1180 233.80
1190 119.49
1200 40.03
1210 80.99
1220 206.44
1230 126.17
1240 85.03
1250 129.22
1260 219.60
1270 134.07
1280 44.90
1290 136.52
1300 91.91
1310 92.74
1320 46.52
1330 46.74
1340 94.36
1350 143.19
1360 47.94
1370 48.15
1380 394.51
1390 49.97
1400 50.17
1410 152.32
1420 50.98
1430 311.63
1440 52.40
1450 52.61
1460 106.11
1470 106.92
1480 53.61
1490 53.82
1500 54.03
1510 385.58
1520 55.64
1530 55.84
1540 340.80
1550 57.26
1560 115.44
1570 57.87
1580 234.40
1590 177.84
1600 240.06
1610 121.11
1620 60.71
1630 60.92
1640 371.19
1650 62.32
1660 125.57
1670 189.99
1680 127.59
1690 63.95
1700 128.81
1710 64.55
1720 130.01
1730 65.17
1740 131.23
1750 198.51
1760 66.38
1770 66.59
1780 66.79
1790 270.06
1800 67.80
1810 68.01
1820 68.22
1830 275.74
1840 138.93
1850 69.62
1860 69.82
1870 140.56
1880 70.44
1890 70.65
1900 70.83
1910 71.05
1920 142.99
1930 71.65
1940 71.85
1950 72.06
1960 72.27
1970 72.46
1980 219.18
1990 147.03
2000 147.84
2010 74.07
2020 74.29
2030 74.50
2040 300.85
2050 75.49
2060 228.30
2070 153.12
2080 153.92
2090 77.11
2100 77.32
2110 155.56
2120 551.54
2130 480.61
2140 161.62
2150 490.34
2160 247.75
2170 82.78
2180 83.01
2190 334.92
2200 168.52
2210 84.41
2220 255.05
2230 256.87
2240 258.72
2250 173.37
2260 86.84
2270 87.05
2280 87.26
2290 87.46
2300 87.67
2310 176.23
2320 265.99
2330 178.24
2340 89.27
2350 89.49
2360 89.69
2370 180.28
2380 272.07
2390 90.91
2400 182.70
2410 275.72
2420 92.11
2430 652.27
2440 471.89
2450 573.02
2460 192.43
2470 290.32
2480 194.46
2490 490.13
2500 395.68
2510 99.20
2520 199.33
2530 99.81
2540 100.02
2550 100.22
2560 100.43
2570 100.63
2580 507.36
2590 101.84
2600 102.04
2610 102.26
2620 205.39
2630 830.60
2640 314.62
2650 105.08
2660 105.28
2670 105.48
2680 105.69
2690 212.28
2700 750.16
2710 107.71
2720 107.92
2730 108.13
2740 217.14
2750 327.39
2760 219.18
2770 441.07
2780 110.56
2790 110.75
2800 110.96
2810 111.17
2820 335.29
2830 111.97
2840 450.81
2850 112.98
2860 226.87
2870 113.59
2880 342.58
2890 114.40
2900 114.61
2910 230.12
2920 115.21
2930 347.46
2940 116.02
2950 116.24
2960 116.42
2970 940.83
2980 118.25
2990 118.47
3000 237.82
3010 358.40
3020 119.68
3030 360.83
3040 120.48
3050 120.69
3060 120.89
3070 121.09
3080 243.10
3090 366.31
3100 122.31
3110 122.50
3120 122.72
3130 369.96
3140 123.53
3150 247.95
3160 248.77
3170 124.54
3180 249.98
3190 376.63
3200 125.75
3210 379.08
3220 126.56
3230 126.76
3240 894.83
3250 128.38
3260 128.60
3270 258.08
3280 258.90
3290 129.60
3300 129.81
3310 130.01
3320 522.97
3330 394.27
3340 131.63
3350 264.17
3360 264.98
3370 132.65
3380 132.84
3390 133.05
3400 133.25
3410 267.41
3420 133.85
3430 403.39
3440 134.66
3450 134.87
3460 135.09
3470 543.22
3480 546.46
3490 136.90
3500 137.10
3510 137.31
3520 137.50
3530 137.71
3540 276.33
3550 416.16
3560 417.98
3570 139.53
3580 561.06
3590 140.54
3600 140.76
3610 140.95
3620 141.15
3630 283.22
3640 141.75
3650 141.96
3660 142.17
3670 1002.64
3680 432.56
3690 289.29
3700 290.10
3710 145.21
3720 145.41
3730 438.04
3740 146.21
3750 146.43
3760 146.63
3770 146.82
3780 442.31
3790 147.64
3800 147.83
3810 148.04
3820 595.11
3830 298.61
3840 149.46
3850 299.84
3860 150.06
3870 452.02
3880 302.27
3890 303.08
3900 151.69
3910 151.89
3920 152.10
3930 152.30
3940 305.51
3950 306.31
3960 461.14
3970 153.92
3980 154.12
3990 154.33
4000 309.55
4010 154.94
4020 155.13
4030 155.35
4040 780.93
4050 156.55
4060 314.02
4070 157.17
4080 315.23
4090 157.77
4100 157.97
4110 316.86
4120 317.66
4130 158.99
4140 799.16
4150 481.82
4160 322.12
4170 161.22
4180 161.42
4190 648.60
4200 162.43
4210 325.77
4220 326.58
4230 163.44
4240 163.64
4250 163.86
4260 164.05
4270 164.26
4280 329.43
4290 164.85
4300 165.06
4310 165.27
4320 165.47
4330 165.68
4340 332.25
4350 333.07
4360 333.87
4370 334.69
4380 167.50
4390 1179.96
4400 169.10
4410 169.33
4420 509.77
4430 853.89
4440 171.15
4450 171.35
4460 343.60
4470 517.08
4480 518.90
4490 1043.57
4500 174.38
4510 700.47
4520 351.31
4530 175.81
4540 176.01
4550 352.93
4560 176.61
4570 176.82
4580 1066.68
4590 356.97
4600 178.64
4610 358.19
4620 179.25
4630 179.45
4640 359.82
4650 360.63
4660 180.46
4670 180.68
4680 543.83
4690 181.47
4700 181.69
4710 181.88
4720 364.69
4730 182.48
4740 182.69
4750 366.29
4760 1104.36
4770 1111.66
4780 371.96
4790 186.14
4800 934.95
4810 187.36
4820 375.62
4830 376.43
4840 188.37
4850 188.58
4860 947.10
4870 380.09
4880 190.20
4890 190.40
4900 381.70
4910 191.01
4920 191.21
4930 191.40
4940 191.62
4950 191.82
4960 384.52
4970 192.43
4980 192.62
4990 192.85
5000 774.24

Lap 10
10 1.19
20 0.43
30 0.34
40 0.32
50 0.27
60 0.22
70 0.20
80 0.37
90 12.52
100 0.35
110 0.84
120 1.36
130 10.84
140 0.36
150 7.10
160 0.34
170 8.31
180 0.18
190 7.46
200 0.21
210 6.78
220 0.34
230 4.27
240 0.34
250 1.23
260 1.02
270 1.42
280 1.83
290 4.66
300 5.89
310 10.96
320 3.55
330 4.46
340 4.86
350 5.27
360 0.33
370 5.88
380 1.55
390 13.18
400 21.01
410 22.84
420 7.82
430 16.56
440 17.35
450 18.16
460 9.24
470 9.46
480 51.42
490 10.66
500 10.87
510 11.07
520 23.04
530 48.78
540 12.50
550 12.70
560 12.90
570 13.10
580 13.30
590 13.50
600 42.29
610 29.11
620 45.32
630 31.14
640 31.94
650 16.14
660 16.33
670 16.54
680 33.97
690 144.86
700 18.76
710 38.43
720 59.31
730 61.14
740 20.59
750 20.80
760 64.18
770 21.61
780 89.30
790 22.62
800 69.64
810 23.42
820 23.63
830 48.16
840 73.90
850 75.73
860 51.40
870 105.52
880 26.66
890 26.87
900 27.10
910 27.28
920 55.46
930 27.89
940 114.43
950 28.90
960 88.49
970 59.90
980 30.13
990 30.32
1000 92.75
1010 31.12
1020 63.15
1030 31.74
1040 64.36
1050 32.35
1060 32.53
1070 66.00
1080 33.15
1090 33.36
1100 101.86
1110 34.16
1120 34.37
1130 34.56
1140 249.40
1150 184.14
1160 37.19
1170 37.41
1180 75.71
1190 38.02
1200 154.96
1210 78.55
1220 39.43
1230 283.44
1240 422.28
1250 43.08
1260 43.28
1270 43.49
1280 43.69
1290 132.87
1300 89.48
1310 273.93
1320 46.11
1330 140.18
1340 46.92
1350 190.63
1360 145.01
1370 97.61
1380 48.96
1390 98.82
1400 251.02
1410 50.58
1420 50.78
1430 154.15
1440 103.68
1450 51.99
1460 52.20
1470 52.40
1480 105.71
1490 106.51
1500 53.41
1510 53.63
1520 108.14
1530 54.23
1540 219.80
1550 55.24
1560 55.44
1570 55.64
1580 168.74
1590 56.45
1600 56.66
1610 56.87
1620 57.06
1630 289.52
1640 58.27
1650 117.46
1660 58.88
1670 59.09
1680 59.30
1690 119.49
1700 120.29
1710 60.30
1720 244.14
1730 123.13
1740 123.94
1750 62.12
1760 62.33
1770 62.54
1780 62.74
1790 62.95
1800 63.14
1810 63.35
1820 63.54
1830 63.74
1840 63.95
1850 64.15
1860 64.36
1870 129.63
1880 64.96
1890 65.17
1900 65.37
1910 131.64
1920 65.97
1930 266.83
1940 134.46
1950 271.69
1960 68.20
1970 137.31
1980 68.82
1990 208.25
2000 210.06
2010 283.03
2020 214.33
2030 71.65
2040 71.86
2050 144.61
2060 145.43
2070 72.86
2080 73.07
2090 73.28
2100 73.48
2110 147.86
2120 148.65
2130 451.42
2140 151.90
2150 76.10
2160 76.32
2170 76.51
2180 464.81
2190 77.94
2200 393.89
2210 158.79
2220 239.85
2230 80.15
2240 80.38
2250 242.90
2260 81.17
2270 163.26
2280 164.05
2290 82.19
2300 248.37
2310 83.01
2320 83.21
2330 83.42
2340 83.61
2350 83.80
2360 84.03
2370 168.93
2380 169.72
2390 85.02
2400 170.96
2410 85.63
2420 432.39
2430 86.84
2440 87.05
2450 351.13
2460 265.39
2470 88.66
2480 178.25
2490 269.04
2500 270.86
2510 90.50
2520 456.70
2530 91.70
2540 276.96
2550 92.52
2560 92.73
2570 279.99
2580 93.53
2590 187.99
2600 188.76
2610 94.55
2620 190.01
2630 95.16
2640 287.27
2650 192.42
2660 96.36
2670 486.08
2680 97.59
2690 591.27
2700 99.00
2710 99.23
2720 99.41
2730 99.62
2740 200.14
2750 200.92
2760 201.76
2770 101.03
2780 304.92
2790 306.71
2800 205.38
2810 102.87
2820 206.61
2830 520.55
2840 104.47
2850 104.67
2860 104.89
2870 105.08
2880 317.07
2890 212.29
2900 106.30
2910 106.50
2920 106.71
2930 106.91
2940 107.10
2950 215.12
2960 215.94
2970 325.56
2980 217.96
2990 109.14
3000 109.32
3010 109.55
3020 220.00
3030 442.73
3040 110.96
3050 334.70
3060 449.20
3070 225.67
3080 112.99
3090 113.19
3100 113.40
3110 227.69
3120 114.00
3130 114.21
3140 690.96
3150 348.07
3160 116.23
3170 350.49
3180 117.03
3190 117.24
3200 117.44
3210 235.80
3220 118.06
3230 118.26
3240 237.42
3250 118.85
3260 119.07
3270 599.57
3280 120.27
3290 241.47
3300 120.88
3310 242.69
3320 121.48
3330 121.70
3340 121.90
3350 984.61
3360 123.73
3370 248.36
3380 499.44
3390 376.63
3400 125.75
3410 252.42
3420 253.22
3430 254.02
3440 254.85
3450 127.57
3460 127.78
3470 127.98
3480 514.86
3490 129.00
3500 129.21
3510 259.30
3520 129.80
3530 130.02
3540 654.29
3550 131.22
3560 263.36
3570 264.17
3580 132.24
3590 265.38
3600 266.19
3610 133.25
3620 267.41
3630 1214.43
3640 135.68
3650 135.88
3660 136.09
3670 547.28
3680 137.09
3690 275.12
3700 414.32
3710 277.13
3720 277.95
3730 139.11
3740 559.43
3750 140.15
3760 140.34
3770 140.55
3780 423.46
3790 283.20
3800 426.50
3810 142.38
3820 142.57
3830 286.05
3840 143.18
3850 575.64
3860 578.88
3870 145.00
3880 145.22
3890 145.41
3900 291.73
3910 292.53
3920 293.34
3930 294.16
3940 442.90
3950 147.85
3960 148.05
3970 296.99
3980 148.65
3990 148.85
4000 448.37
4010 149.68
4020 300.23
4030 150.28
4040 452.63
4050 151.09
4060 455.07
4070 151.89
4080 304.70
4090 765.73
4100 153.52
4110 153.71
4120 153.93
4130 773.83
4140 155.14
4150 311.18
4160 155.74
4170 625.90
4180 314.02
4190 472.70
4200 316.04
4210 316.86
4220 158.57
4230 158.79
4240 158.98
4250 478.77
4260 159.80
4270 160.00
4280 160.22
4290 321.31
4300 160.81
4310 322.52
4320 161.42
4330 161.62
4340 324.15
4350 162.22
4360 162.43
4370 162.63
4380 489.71
4390 163.44
4400 656.70
4410 991.28
4420 165.67
4430 498.83
4440 333.47
4450 166.89
4460 167.08
4470 671.29
4480 336.71
4490 676.15
4500 339.14
4510 169.73
4520 681.83
4530 170.73
4540 170.95
4550 171.14
4560 171.34
4570 515.85
4580 172.17
4590 345.22
4600 346.03
4610 520.72
4620 173.78
4630 348.47
4640 349.26
4650 350.08
4660 175.20
4670 351.31
4680 175.81
4690 176.00
4700 352.93
4710 708.57
4720 177.42
4730 177.63
4740 356.16
4750 178.23
4760 178.44
4770 178.64
4780 717.49
4790 179.65
4800 179.85
4810 180.07
4820 180.26
4830 361.43
4840 1272.15
4850 182.27
4860 365.49
4870 549.90
4880 183.50
4890 183.71
4900 183.91
4910 184.10
4920 184.33
4930 1111.64
4940 558.40
4950 373.18
4960 374.00
4970 374.83
4980 375.61
4990 187.96
5000 376.83
